||||||||||||||||||||||||||||||||||||||||||||||||||||||||||||||||||||||||||||||||||||||||||||||||||||||||||||||||||||||||||||||||||||||||||||||||||||||||||||||||||||||||||||||||||||||||||||||||||||||||||||||||||||||||||||
|||||||||||||||||||||||||||||||||||||||||||||||||||||||||||||||||||||||||||||||||||||||||||||||||||||| 32 Poins: ||||||||||||||||||||||||||||||||||||||||||||||||||||||||||||||||||||||||||||||||||||||||||||||||||||||
N	Att#	Tot	Ch Tot	Ext	Ch Ext	Int	Ch Int	GI	Ch GI	GO	Ch GO	Chld	Ch Chld	CD	Ch CD	BOX	Ch BOX	CH	All/CH	OverhIE	overhEI
32	15	1	1	0	0	1	1	0	0	0	0	1	1	0	0	0	0	7	4.57	?????	0.0000
32	31	2	2	0	0	2	2	0	0	0	0	2	2	0	0	0	0	7	4.57	?????	0.0000
32	96	3	16	0	0	3	16	0	0	1	14	2	2	0	0	0	0	7	4.57	?????	0.0000
32	108	4	17	0	0	4	17	0	0	1	14	3	3	0	0	0	0	7	4.57	?????	0.0000
32	110	5	18	0	0	5	18	0	0	1	14	4	4	0	0	0	0	7	4.57	?????	0.0000
32	165	6	19	0	0	6	19	0	0	1	14	5	5	0	0	0	0	7	4.57	?????	0.0000
32	171	7	20	1	1	6	19	0	0	1	14	6	6	0	0	0	0	7	4.57	6.0000	0.1667
32	185	8	21	1	1	7	20	0	0	1	14	7	7	0	0	0	0	6	5.33	7.0000	0.1429
32	229	9	22	1	1	8	21	0	0	1	14	8	8	0	0	0	0	6	5.33	8.0000	0.1250
32	258	10	41	2	20	8	21	0	0	2	33	8	8	0	0	0	0	6	5.33	4.0000	0.2500
32	259	11	56	2	20	9	36	1	15	2	33	8	8	0	0	0	0	7	4.57	4.5000	0.2222
32	307	12	57	2	20	10	37	1	15	2	33	9	9	0	0	0	0	7	4.57	5.0000	0.2000
32	325	13	58	2	20	11	38	1	15	2	33	10	10	0	0	0	0	7	4.57	5.5000	0.1818
32	326	14	70	2	20	12	50	2	27	2	33	10	10	0	0	0	0	7	4.57	6.0000	0.1667
32	379	14	70	2	20	12	50	2	27	2	33	10	10	1	1	0	0	7	4.57	6.0000	0.1667
32	381	15	85	3	35	12	50	2	27	3	48	10	10	1	1	0	0	7	4.57	4.0000	0.2500
32	413	16	90	3	35	13	55	3	32	3	48	10	10	1	1	0	0	8	4.00	4.3333	0.2308
32	444	17	97	3	35	14	62	3	32	4	55	10	10	1	1	0	0	8	4.00	4.6667	0.2143
32	532	18	98	3	35	15	63	3	32	4	55	11	11	1	1	0	0	8	4.00	5.0000	0.2000
32	612	19	99	3	35	16	64	3	32	4	55	12	12	1	1	0	0	8	4.00	5.3333	0.1875
32	641	20	100	3	35	17	65	3	32	4	55	13	13	1	1	0	0	8	4.00	5.6667	0.1765
32	652	21	101	3	35	18	66	3	32	4	55	14	14	1	1	0	0	8	4.00	6.0000	0.1667
32	711	22	102	3	35	19	67	3	32	4	55	15	15	1	1	0	0	8	4.00	6.3333	0.1579
32	730	23	112	3	35	20	77	3	32	5	65	15	15	1	1	0	0	8	4.00	6.6667	0.1500
32	765	23	112	3	35	20	77	3	32	5	65	15	15	2	2	0	0	8	4.00	6.6667	0.1500
32	799	24	113	3	35	21	78	3	32	5	65	16	16	2	2	0	0	8	4.00	7.0000	0.1429
32	847	25	117	3	35	22	82	4	36	5	65	16	16	2	2	0	0	8	4.00	7.3333	0.1364
32	871	26	118	3	35	23	83	4	36	5	65	17	17	2	2	0	0	8	4.00	7.6667	0.1304
32	885	27	119	3	35	24	84	4	36	5	65	18	18	2	2	0	0	8	4.00	8.0000	0.1250
32	903	28	127	3	35	25	92	4	36	6	73	18	18	2	2	0	0	8	4.00	8.3333	0.1200
32	944	29	131	4	39	25	92	4	36	7	77	18	18	2	2	0	0	8	4.00	6.2500	0.1600
32	991	30	132	4	39	26	93	4	36	7	77	19	19	2	2	0	0	9	3.56	6.5000	0.1538
32	999	31	133	4	39	27	94	4	36	7	77	20	20	2	2	0	0	9	3.56	6.7500	0.1481
32	1003	32	134	4	39	28	95	4	36	7	77	21	21	2	2	0	0	9	3.56	7.0000	0.1429
32	1017	33	135	5	40	28	95	4	36	7	77	22	22	2	2	0	0	9	3.56	5.6000	0.1786
32	1020	34	136	5	40	29	96	4	36	7	77	23	23	2	2	0	0	10	3.20	5.8000	0.1724
32	1044	35	137	5	40	30	97	4	36	7	77	24	24	2	2	0	0	10	3.20	6.0000	0.1667
32	1059	36	152	6	55	30	97	5	51	7	77	24	24	2	2	0	0	10	3.20	5.0000	0.2000
32	1072	36	152	6	55	30	97	5	51	7	77	24	24	3	3	0	0	9	3.56	5.0000	0.2000
32	1080	37	163	6	55	31	108	6	62	7	77	24	24	3	3	0	0	9	3.56	5.1667	0.1935
32	1194	38	171	6	55	32	116	6	62	8	85	24	24	3	3	0	0	9	3.56	5.3333	0.1875
32	1205	39	172	6	55	33	117	6	62	8	85	25	25	3	3	0	0	9	3.56	5.5000	0.1818
32	1208	40	173	6	55	34	118	6	62	8	85	26	26	3	3	0	0	9	3.56	5.6667	0.1765
32	1214	41	176	7	58	34	118	7	65	8	85	26	26	3	3	0	0	9	3.56	4.8571	0.2059
32	1215	42	177	7	58	35	119	7	65	8	85	27	27	3	3	0	0	9	3.56	5.0000	0.2000
32	1233	43	178	7	58	36	120	7	65	8	85	28	28	3	3	0	0	9	3.56	5.1429	0.1944
32	1241	44	179	7	58	37	121	7	65	8	85	29	29	3	3	0	0	9	3.56	5.2857	0.1892
32	1244	45	182	7	58	38	124	8	68	8	85	29	29	3	3	0	0	9	3.56	5.4286	0.1842
32	1252	46	183	7	58	39	125	8	68	8	85	30	30	3	3	0	0	9	3.56	5.5714	0.1795
32	1254	47	184	7	58	40	126	8	68	8	85	31	31	3	3	0	0	9	3.56	5.7143	0.1750
32	1259	48	185	7	58	41	127	8	68	8	85	32	32	3	3	0	0	9	3.56	5.8571	0.1707
32	1267	49	203	7	58	42	145	9	86	8	85	32	32	3	3	0	0	9	3.56	6.0000	0.1667
32	1309	50	204	7	58	43	146	9	86	8	85	33	33	3	3	0	0	9	3.56	6.1429	0.1628
32	1318	51	224	8	78	43	146	9	86	9	105	33	33	3	3	0	0	9	3.56	5.3750	0.1860
32	1344	52	244	9	98	43	146	9	86	10	125	33	33	3	3	0	0	10	3.20	4.7778	0.2093
32	1357	53	259	10	113	43	146	9	86	11	140	33	33	3	3	0	0	11	2.91	4.3000	0.2326
32	1359	54	260	11	114	43	146	9	86	11	140	34	34	3	3	0	0	12	2.67	3.9091	0.2558
32	1371	55	263	11	114	44	149	9	86	12	143	34	34	3	3	0	0	11	2.91	4.0000	0.2500
32	1412	56	264	11	114	45	150	9	86	12	143	35	35	3	3	0	0	11	2.91	4.0909	0.2444
32	1419	57	278	12	128	45	150	10	100	12	143	35	35	3	3	0	0	11	2.91	3.7500	0.2667
32	1435	58	279	12	128	46	151	10	100	12	143	36	36	3	3	0	0	10	3.20	3.8333	0.2609
32	1438	59	280	12	128	47	152	10	100	12	143	37	37	3	3	0	0	10	3.20	3.9167	0.2553
32	1440	60	283	12	128	48	155	10	100	13	146	37	37	3	3	0	0	10	3.20	4.0000	0.2500
32	1453	61	291	12	128	49	163	11	108	13	146	37	37	3	3	0	0	10	3.20	4.0833	0.2449
32	1506	62	302	12	128	50	174	11	108	14	157	37	37	3	3	0	0	10	3.20	4.1667	0.2400
32	1520	63	303	12	128	51	175	11	108	14	157	38	38	3	3	0	0	10	3.20	4.2500	0.2353
32	1523	64	304	12	128	52	176	11	108	14	157	39	39	3	3	0	0	10	3.20	4.3333	0.2308
32	1534	64	304	12	128	52	176	11	108	14	157	39	39	4	4	0	0	10	3.20	4.3333	0.2308
32	1546	65	305	12	128	53	177	11	108	14	157	40	40	4	4	0	0	10	3.20	4.4167	0.2264
32	1555	66	311	12	128	54	183	12	114	14	157	40	40	4	4	0	0	10	3.20	4.5000	0.2222
32	1575	67	312	12	128	55	184	12	114	14	157	41	41	4	4	0	0	10	3.20	4.5833	0.2182
32	1610	68	313	12	128	56	185	12	114	14	157	42	42	4	4	0	0	10	3.20	4.6667	0.2143
32	1619	69	314	12	128	57	186	12	114	14	157	43	43	4	4	0	0	10	3.20	4.7500	0.2105
32	1632	70	315	12	128	58	187	12	114	14	157	44	44	4	4	0	0	10	3.20	4.8333	0.2069
32	1658	71	316	12	128	59	188	12	114	14	157	45	45	4	4	0	0	10	3.20	4.9167	0.2034
32	1701	72	330	12	128	60	202	12	114	15	171	45	45	4	4	0	0	10	3.20	5.0000	0.2000
32	1703	73	344	12	128	61	216	13	128	15	171	45	45	4	4	0	0	10	3.20	5.0833	0.1967
32	1732	74	354	12	128	62	226	13	128	16	181	45	45	4	4	0	0	10	3.20	5.1667	0.1935
32	1734	74	354	12	128	62	226	13	128	16	181	45	45	5	5	0	0	10	3.20	5.1667	0.1935
32	1737	75	359	12	128	63	231	13	128	17	186	45	45	5	5	0	0	10	3.20	5.2500	0.1905
32	1772	76	360	12	128	64	232	13	128	17	186	46	46	5	5	0	0	10	3.20	5.3333	0.1875
32	1800	78	362	12	128	66	234	13	128	17	186	48	48	5	5	0	0	10	3.20	5.5000	0.1818
32	1865	79	363	12	128	67	235	13	128	17	186	49	49	5	5	0	0	10	3.20	5.5833	0.1791
32	1871	80	364	12	128	68	236	13	128	17	186	50	50	5	5	0	0	10	3.20	5.6667	0.1765
32	1880	81	365	12	128	69	237	13	128	17	186	51	51	5	5	0	0	10	3.20	5.7500	0.1739
32	1903	82	366	12	128	70	238	13	128	17	186	52	52	5	5	0	0	10	3.20	5.8333	0.1714
32	1931	83	375	12	128	71	247	14	137	17	186	52	52	5	5	0	0	10	3.20	5.9167	0.1690
32	1975	84	378	12	128	72	250	14	137	18	189	52	52	5	5	0	0	10	3.20	6.0000	0.1667
32	2003	85	379	12	128	73	251	14	137	18	189	53	53	5	5	0	0	10	3.20	6.0833	0.1644
32	2138	86	382	13	131	73	251	14	137	19	192	53	53	5	5	0	0	10	3.20	5.6154	0.1781
32	2156	87	383	13	131	74	252	14	137	19	192	54	54	5	5	0	0	11	2.91	5.6923	0.1757
32	2161	88	384	13	131	75	253	14	137	19	192	55	55	5	5	0	0	11	2.91	5.7692	0.1733
32	2176	89	390	13	131	76	259	15	143	19	192	55	55	5	5	0	0	11	2.91	5.8462	0.1711
32	2257	90	405	14	146	76	259	16	158	19	192	55	55	5	5	0	0	11	2.91	5.4286	0.1842
32	2272	91	406	14	146	77	260	16	158	19	192	56	56	5	5	0	0	10	3.20	5.5000	0.1818
32	2300	92	407	15	147	77	260	16	158	19	192	57	57	5	5	0	0	10	3.20	5.1333	0.1948
32	2351	93	408	15	147	78	261	16	158	19	192	58	58	5	5	0	0	9	3.56	5.2000	0.1923
32	2381	94	409	15	147	79	262	16	158	19	192	59	59	5	5	0	0	9	3.56	5.2667	0.1899
32	2390	95	413	15	147	80	266	16	158	20	196	59	59	5	5	0	0	9	3.56	5.3333	0.1875
32	2503	96	414	15	147	81	267	16	158	20	196	60	60	5	5	0	0	9	3.56	5.4000	0.1852
32	2514	97	415	15	147	82	268	16	158	20	196	61	61	5	5	0	0	9	3.56	5.4667	0.1829
32	2634	98	416	15	147	83	269	16	158	20	196	62	62	5	5	0	0	9	3.56	5.5333	0.1807
32	2652	99	417	15	147	84	270	16	158	20	196	63	63	5	5	0	0	9	3.56	5.6000	0.1786
32	2668	100	418	15	147	85	271	16	158	20	196	64	64	5	5	0	0	9	3.56	5.6667	0.1765
32	2678	101	419	15	147	86	272	16	158	20	196	65	65	5	5	0	0	9	3.56	5.7333	0.1744
32	2746	102	435	16	163	86	272	16	158	21	212	65	65	5	5	0	0	9	3.56	5.3750	0.1860
32	2771	103	438	17	166	86	272	17	161	21	212	65	65	5	5	0	0	10	3.20	5.0588	0.1977
32	2778	104	439	17	166	87	273	17	161	21	212	66	66	5	5	0	0	9	3.56	5.1176	0.1954
32	2818	105	440	17	166	88	274	17	161	21	212	67	67	5	5	0	0	9	3.56	5.1765	0.1932
32	2893	106	455	17	166	89	289	17	161	22	227	67	67	5	5	0	0	9	3.56	5.2353	0.1910
32	2908	107	456	17	166	90	290	17	161	22	227	68	68	5	5	0	0	9	3.56	5.2941	0.1889
32	2917	108	463	17	166	91	297	17	161	23	234	68	68	5	5	0	0	9	3.56	5.3529	0.1868
32	2962	109	468	17	166	92	302	17	161	24	239	68	68	5	5	0	0	9	3.56	5.4118	0.1848
32	2995	110	469	17	166	93	303	17	161	24	239	69	69	5	5	0	0	9	3.56	5.4706	0.1828
32	2999	111	470	17	166	94	304	17	161	24	239	70	70	5	5	0	0	9	3.56	5.5294	0.1809
32	3002	112	471	17	166	95	305	17	161	24	239	71	71	5	5	0	0	9	3.56	5.5882	0.1789
32	3044	113	472	17	166	96	306	17	161	24	239	72	72	5	5	0	0	9	3.56	5.6471	0.1771
32	3084	114	473	17	166	97	307	17	161	24	239	73	73	5	5	0	0	9	3.56	5.7059	0.1753
32	3095	115	480	17	166	98	314	18	168	24	239	73	73	5	5	0	0	9	3.56	5.7647	0.1735
32	3114	116	481	17	166	99	315	18	168	24	239	74	74	5	5	0	0	9	3.56	5.8235	0.1717
32	3117	117	482	17	166	100	316	18	168	24	239	75	75	5	5	0	0	9	3.56	5.8824	0.1700
32	3122	118	483	17	166	101	317	18	168	24	239	76	76	5	5	0	0	9	3.56	5.9412	0.1683
32	3128	119	484	17	166	102	318	18	168	24	239	77	77	5	5	0	0	9	3.56	6.0000	0.1667
32	3151	120	485	17	166	103	319	18	168	24	239	78	78	5	5	0	0	9	3.56	6.0588	0.1650
32	3159	121	486	17	166	104	320	18	168	24	239	79	79	5	5	0	0	9	3.56	6.1176	0.1635
32	3275	122	505	17	166	105	339	18	168	25	258	79	79	5	5	0	0	9	3.56	6.1765	0.1619
32	3297	123	506	17	166	106	340	18	168	25	258	80	80	5	5	0	0	9	3.56	6.2353	0.1604
32	3334	124	507	17	166	107	341	18	168	25	258	81	81	5	5	0	0	9	3.56	6.2941	0.1589
32	3357	125	511	17	166	108	345	18	168	26	262	81	81	5	5	0	0	9	3.56	6.3529	0.1574
32	3372	126	512	17	166	109	346	18	168	26	262	82	82	5	5	0	0	9	3.56	6.4118	0.1560
32	3396	127	513	17	166	110	347	18	168	26	262	83	83	5	5	0	0	9	3.56	6.4706	0.1545
32	3408	128	526	17	166	111	360	19	181	26	262	83	83	5	5	0	0	9	3.56	6.5294	0.1532
32	3454	129	527	17	166	112	361	19	181	26	262	84	84	5	5	0	0	9	3.56	6.5882	0.1518
32	3468	130	528	17	166	113	362	19	181	26	262	85	85	5	5	0	0	9	3.56	6.6471	0.1504
32	3497	131	540	17	166	114	374	20	193	26	262	85	85	5	5	0	0	9	3.56	6.7059	0.1491
32	3500	132	541	17	166	115	375	20	193	26	262	86	86	5	5	0	0	9	3.56	6.7647	0.1478
32	3512	133	542	17	166	116	376	20	193	26	262	87	87	5	5	0	0	9	3.56	6.8235	0.1466
32	3524	134	545	17	166	117	379	21	196	26	262	87	87	5	5	0	0	9	3.56	6.8824	0.1453
32	3529	135	546	17	166	118	380	21	196	26	262	88	88	5	5	0	0	9	3.56	6.9412	0.1441
32	3552	136	547	17	166	119	381	21	196	26	262	89	89	5	5	0	0	9	3.56	7.0000	0.1429
32	3555	137	548	17	166	120	382	21	196	26	262	90	90	5	5	0	0	9	3.56	7.0588	0.1417
32	3566	138	549	18	167	120	382	21	196	26	262	91	91	5	5	0	0	9	3.56	6.6667	0.1500
32	3572	139	550	18	167	121	383	21	196	26	262	92	92	5	5	0	0	8	4.00	6.7222	0.1488
32	3576	140	551	18	167	122	384	21	196	26	262	93	93	5	5	0	0	8	4.00	6.7778	0.1475
32	3635	141	564	18	167	123	397	21	196	27	275	93	93	5	5	0	0	8	4.00	6.8333	0.1463
32	3657	142	565	18	167	124	398	21	196	27	275	94	94	5	5	0	0	8	4.00	6.8889	0.1452
32	3659	143	583	18	167	125	416	22	214	27	275	94	94	5	5	0	0	8	4.00	6.9444	0.1440
32	3716	144	593	18	167	126	426	22	214	28	285	94	94	5	5	0	0	8	4.00	7.0000	0.1429
32	3726	145	605	18	167	127	438	23	226	28	285	94	94	5	5	0	0	8	4.00	7.0556	0.1417
32	3727	146	606	18	167	128	439	23	226	28	285	95	95	5	5	0	0	8	4.00	7.1111	0.1406
32	3734	147	607	18	167	129	440	23	226	28	285	96	96	5	5	0	0	8	4.00	7.1667	0.1395
32	3812	148	608	18	167	130	441	23	226	28	285	97	97	5	5	0	0	8	4.00	7.2222	0.1385
32	3908	149	609	18	167	131	442	23	226	28	285	98	98	5	5	0	0	8	4.00	7.2778	0.1374
32	3949	150	610	18	167	132	443	23	226	28	285	99	99	5	5	0	0	8	4.00	7.3333	0.1364
32	3995	151	617	18	167	133	450	24	233	28	285	99	99	5	5	0	0	8	4.00	7.3889	0.1353
32	4009	152	622	18	167	134	455	25	238	28	285	99	99	5	5	0	0	8	4.00	7.4444	0.1343
32	4016	153	640	19	185	134	455	25	238	29	303	99	99	5	5	0	0	8	4.00	7.0526	0.1418
32	4042	154	641	19	185	135	456	25	238	29	303	100	100	5	5	0	0	9	3.56	7.1053	0.1407
32	4077	155	651	19	185	136	466	26	248	29	303	100	100	5	5	0	0	9	3.56	7.1579	0.1397
32	4082	156	655	19	185	137	470	26	248	30	307	100	100	5	5	0	0	9	3.56	7.2105	0.1387
32	4090	157	660	19	185	138	475	27	253	30	307	100	100	5	5	0	0	9	3.56	7.2632	0.1377
32	4092	157	660	19	185	138	475	27	253	30	307	100	100	5	5	1	5	9	3.56	7.2632	0.1377
32	4133	158	661	19	185	139	476	27	253	30	307	101	101	5	5	1	5	8	4.00	7.3158	0.1367
32	4143	158	661	19	185	139	476	27	253	30	307	101	101	6	6	1	5	8	4.00	7.3158	0.1367
32	4149	159	662	19	185	140	477	27	253	30	307	102	102	6	6	1	5	8	4.00	7.3684	0.1357
32	4206	160	663	19	185	141	478	27	253	30	307	103	103	6	6	1	5	8	4.00	7.4211	0.1348
32	4209	161	664	19	185	142	479	27	253	30	307	104	104	6	6	1	5	8	4.00	7.4737	0.1338
32	4214	162	665	19	185	143	480	27	253	30	307	105	105	6	6	1	5	8	4.00	7.5263	0.1329
32	4222	164	667	19	185	145	482	27	253	30	307	107	107	6	6	1	5	8	4.00	7.6316	0.1310
32	4266	165	668	19	185	146	483	27	253	30	307	108	108	6	6	1	5	8	4.00	7.6842	0.1301
32	4271	166	669	19	185	147	484	27	253	30	307	109	109	6	6	1	5	8	4.00	7.7368	0.1293
32	4300	167	670	19	185	148	485	27	253	30	307	110	110	6	6	1	5	8	4.00	7.7895	0.1284
32	4314	168	671	19	185	149	486	27	253	30	307	111	111	6	6	1	5	8	4.00	7.8421	0.1275
32	4316	169	676	19	185	150	491	28	258	30	307	111	111	6	6	1	5	8	4.00	7.8947	0.1267
32	4324	170	693	19	185	151	508	28	258	31	324	111	111	6	6	1	5	8	4.00	7.9474	0.1258
32	4334	171	694	19	185	152	509	28	258	31	324	112	112	6	6	1	5	8	4.00	8.0000	0.1250
32	4339	172	703	19	185	153	518	29	267	31	324	112	112	6	6	1	5	8	4.00	8.0526	0.1242
32	4350	173	704	19	185	154	519	29	267	31	324	113	113	6	6	1	5	8	4.00	8.1053	0.1234
32	4362	174	705	19	185	155	520	29	267	31	324	114	114	6	6	1	5	8	4.00	8.1579	0.1226
32	4367	175	719	19	185	156	534	30	281	31	324	114	114	6	6	1	5	8	4.00	8.2105	0.1218
32	4375	176	735	20	201	156	534	30	281	32	340	114	114	6	6	1	5	8	4.00	7.8000	0.1282
32	4378	177	736	20	201	157	535	30	281	32	340	115	115	6	6	1	5	9	3.56	7.8500	0.1274
32	4398	178	737	20	201	158	536	30	281	32	340	116	116	6	6	1	5	9	3.56	7.9000	0.1266
32	4405	179	738	20	201	159	537	30	281	32	340	117	117	6	6	1	5	9	3.56	7.9500	0.1258
32	4406	181	740	20	201	161	539	30	281	32	340	119	119	6	6	1	5	9	3.56	8.0500	0.1242
32	4415	182	741	20	201	162	540	30	281	32	340	120	120	6	6	1	5	9	3.56	8.1000	0.1235
32	4427	183	753	20	201	163	552	30	281	33	352	120	120	6	6	1	5	9	3.56	8.1500	0.1227
32	4448	184	758	20	201	164	557	31	286	33	352	120	120	6	6	1	5	9	3.56	8.2000	0.1220
32	4477	185	759	20	201	165	558	31	286	33	352	121	121	6	6	1	5	9	3.56	8.2500	0.1212
32	4482	186	760	20	201	166	559	31	286	33	352	122	122	6	6	1	5	9	3.56	8.3000	0.1205
32	4488	187	761	20	201	167	560	31	286	33	352	123	123	6	6	1	5	9	3.56	8.3500	0.1198
32	4500	188	774	20	201	168	573	32	299	33	352	123	123	6	6	1	5	9	3.56	8.4000	0.1190
32	4554	189	775	20	201	169	574	32	299	33	352	124	124	6	6	1	5	9	3.56	8.4500	0.1183
32	4575	190	776	20	201	170	575	32	299	33	352	125	125	6	6	1	5	9	3.56	8.5000	0.1176
32	4577	191	777	20	201	171	576	32	299	33	352	126	126	6	6	1	5	9	3.56	8.5500	0.1170
32	4581	192	781	20	201	172	580	32	299	34	356	126	126	6	6	1	5	9	3.56	8.6000	0.1163
32	4582	193	782	20	201	173	581	32	299	34	356	127	127	6	6	1	5	9	3.56	8.6500	0.1156
32	4584	194	788	20	201	174	587	33	305	34	356	127	127	6	6	1	5	9	3.56	8.7000	0.1149
32	4586	195	789	20	201	175	588	33	305	34	356	128	128	6	6	1	5	9	3.56	8.7500	0.1143
32	4587	196	790	20	201	176	589	33	305	34	356	129	129	6	6	1	5	9	3.56	8.8000	0.1136
32	4590	197	791	20	201	177	590	33	305	34	356	130	130	6	6	1	5	9	3.56	8.8500	0.1130
32	4594	198	795	20	201	178	594	34	309	34	356	130	130	6	6	1	5	9	3.56	8.9000	0.1124
32	4600	199	796	20	201	179	595	34	309	34	356	131	131	6	6	1	5	9	3.56	8.9500	0.1117
32	4703	200	797	20	201	180	596	34	309	34	356	132	132	6	6	1	5	9	3.56	9.0000	0.1111
32	4728	201	798	20	201	181	597	34	309	34	356	133	133	6	6	1	5	9	3.56	9.0500	0.1105
32	4780	202	799	20	201	182	598	34	309	34	356	134	134	6	6	1	5	9	3.56	9.1000	0.1099
32	4790	203	800	20	201	183	599	34	309	34	356	135	135	6	6	1	5	9	3.56	9.1500	0.1093
32	4808	204	801	20	201	184	600	34	309	34	356	136	136	6	6	1	5	9	3.56	9.2000	0.1087
32	4813	205	821	21	221	184	600	35	329	34	356	136	136	6	6	1	5	9	3.56	8.7619	0.1141
32	4827	206	822	21	221	185	601	35	329	34	356	137	137	6	6	1	5	8	4.00	8.8095	0.1135
32	4829	207	823	21	221	186	602	35	329	34	356	138	138	6	6	1	5	8	4.00	8.8571	0.1129
32	4849	208	824	21	221	187	603	35	329	34	356	139	139	6	6	1	5	8	4.00	8.9048	0.1123
32	4891	209	825	21	221	188	604	35	329	34	356	140	140	6	6	1	5	8	4.00	8.9524	0.1117
32	4932	210	826	21	221	189	605	35	329	34	356	141	141	6	6	1	5	8	4.00	9.0000	0.1111
32	4935	211	827	21	221	190	606	35	329	34	356	142	142	6	6	1	5	8	4.00	9.0476	0.1105
32	4976	212	828	21	221	191	607	35	329	34	356	143	143	6	6	1	5	8	4.00	9.0952	0.1099
32	5017	213	829	21	221	192	608	35	329	34	356	144	144	6	6	1	5	8	4.00	9.1429	0.1094
32	5019	213	829	21	221	192	608	35	329	34	356	144	144	7	7	1	5	8	4.00	9.1429	0.1094
32	5051	214	833	21	221	193	612	35	329	35	360	144	144	7	7	1	5	8	4.00	9.1905	0.1088
32	5053	215	834	22	222	193	612	35	329	35	360	145	145	7	7	1	5	8	4.00	8.7727	0.1140
32	5070	216	835	22	222	194	613	35	329	35	360	146	146	7	7	1	5	7	4.57	8.8182	0.1134
32	5090	217	841	22	222	195	619	35	329	36	366	146	146	7	7	1	5	7	4.57	8.8636	0.1128
32	5141	218	842	22	222	196	620	35	329	36	366	147	147	7	7	1	5	7	4.57	8.9091	0.1122
32	5244	219	843	22	222	197	621	35	329	36	366	148	148	7	7	1	5	7	4.57	8.9545	0.1117
32	5321	220	844	22	222	198	622	35	329	36	366	149	149	7	7	1	5	7	4.57	9.0000	0.1111
32	5380	221	847	23	225	198	622	35	329	37	369	149	149	7	7	1	5	7	4.57	8.6087	0.1162
32	5387	222	851	23	225	199	626	36	333	37	369	149	149	7	7	1	5	8	4.00	8.6522	0.1156
32	5405	223	852	23	225	200	627	36	333	37	369	150	150	7	7	1	5	8	4.00	8.6957	0.1150
32	5421	224	853	23	225	201	628	36	333	37	369	151	151	7	7	1	5	8	4.00	8.7391	0.1144
32	5443	225	858	23	225	202	633	36	333	38	374	151	151	7	7	1	5	8	4.00	8.7826	0.1139
32	5493	226	859	23	225	203	634	36	333	38	374	152	152	7	7	1	5	8	4.00	8.8261	0.1133
32	5535	227	860	23	225	204	635	36	333	38	374	153	153	7	7	1	5	8	4.00	8.8696	0.1127
32	5542	228	861	23	225	205	636	36	333	38	374	154	154	7	7	1	5	8	4.00	8.9130	0.1122
32	5545	229	881	24	245	205	636	36	333	39	394	154	154	7	7	1	5	8	4.00	8.5417	0.1171
32	5549	230	899	25	263	205	636	37	351	39	394	154	154	7	7	1	5	9	3.56	8.2000	0.1220
32	5557	231	900	25	263	206	637	37	351	39	394	155	155	7	7	1	5	9	3.56	8.2400	0.1214
32	5589	232	913	25	263	207	650	37	351	40	407	155	155	7	7	1	5	9	3.56	8.2800	0.1208
32	5618	233	914	25	263	208	651	37	351	40	407	156	156	7	7	1	5	9	3.56	8.3200	0.1202
32	5691	234	915	25	263	209	652	37	351	40	407	157	157	7	7	1	5	9	3.56	8.3600	0.1196
32	5692	235	916	25	263	210	653	37	351	40	407	158	158	7	7	1	5	9	3.56	8.4000	0.1190
32	5711	236	917	25	263	211	654	37	351	40	407	159	159	7	7	1	5	9	3.56	8.4400	0.1185
32	5715	237	918	25	263	212	655	37	351	40	407	160	160	7	7	1	5	9	3.56	8.4800	0.1179
32	5742	238	919	25	263	213	656	37	351	40	407	161	161	7	7	1	5	9	3.56	8.5200	0.1174
32	5760	239	925	25	263	214	662	38	357	40	407	161	161	7	7	1	5	9	3.56	8.5600	0.1168
32	5780	240	939	25	263	215	676	39	371	40	407	161	161	7	7	1	5	9	3.56	8.6000	0.1163
32	5797	241	944	25	263	216	681	39	371	41	412	161	161	7	7	1	5	9	3.56	8.6400	0.1157
32	5832	242	945	25	263	217	682	39	371	41	412	162	162	7	7	1	5	9	3.56	8.6800	0.1152
32	5844	242	945	25	263	217	682	39	371	41	412	162	162	8	8	1	5	9	3.56	8.6800	0.1152
32	5875	243	946	25	263	218	683	39	371	41	412	163	163	8	8	1	5	9	3.56	8.7200	0.1147
32	5923	244	950	25	263	219	687	40	375	41	412	163	163	8	8	1	5	9	3.56	8.7600	0.1142
32	5936	244	950	25	263	219	687	40	375	41	412	163	163	9	9	1	5	9	3.56	8.7600	0.1142
32	5941	245	951	25	263	220	688	40	375	41	412	164	164	9	9	1	5	9	3.56	8.8000	0.1136
32	5964	246	952	25	263	221	689	40	375	41	412	165	165	9	9	1	5	9	3.56	8.8400	0.1131
32	5996	247	953	25	263	222	690	40	375	41	412	166	166	9	9	1	5	9	3.56	8.8800	0.1126
32	6034	247	953	25	263	222	690	40	375	41	412	166	166	10	10	1	5	9	3.56	8.8800	0.1126
32	6051	248	954	25	263	223	691	40	375	41	412	167	167	10	10	1	5	9	3.56	8.9200	0.1121
32	6085	249	958	25	263	224	695	40	375	42	416	167	167	10	10	1	5	9	3.56	8.9600	0.1116
32	6111	250	959	25	263	225	696	40	375	42	416	168	168	10	10	1	5	9	3.56	9.0000	0.1111
32	6154	251	960	25	263	226	697	40	375	42	416	169	169	10	10	1	5	9	3.56	9.0400	0.1106
32	6156	252	971	26	274	226	697	40	375	43	427	169	169	10	10	1	5	9	3.56	8.6923	0.1150
32	6168	253	972	26	274	227	698	40	375	43	427	170	170	10	10	1	5	10	3.20	8.7308	0.1145
32	6204	254	973	26	274	228	699	40	375	43	427	171	171	10	10	1	5	10	3.20	8.7692	0.1140
32	6401	255	974	26	274	229	700	40	375	43	427	172	172	10	10	1	5	10	3.20	8.8077	0.1135
32	6426	256	975	26	274	230	701	40	375	43	427	173	173	10	10	1	5	10	3.20	8.8462	0.1130
32	6428	257	976	26	274	231	702	40	375	43	427	174	174	10	10	1	5	10	3.20	8.8846	0.1126
32	6439	257	976	26	274	231	702	40	375	43	427	174	174	11	11	1	5	10	3.20	8.8846	0.1126
32	6444	258	977	26	274	232	703	40	375	43	427	175	175	11	11	1	5	10	3.20	8.9231	0.1121
32	6456	259	982	27	279	232	703	41	380	43	427	175	175	11	11	1	5	10	3.20	8.5926	0.1164
32	6480	260	983	27	279	233	704	41	380	43	427	176	176	11	11	1	5	9	3.56	8.6296	0.1159
32	6531	261	984	27	279	234	705	41	380	43	427	177	177	11	11	1	5	9	3.56	8.6667	0.1154
32	6539	262	985	27	279	235	706	41	380	43	427	178	178	11	11	1	5	9	3.56	8.7037	0.1149
32	6541	262	985	27	279	235	706	41	380	43	427	178	178	12	12	1	5	9	3.56	8.7037	0.1149
32	6549	263	986	27	279	236	707	41	380	43	427	179	179	12	12	1	5	9	3.56	8.7407	0.1144
32	6617	264	987	27	279	237	708	41	380	43	427	180	180	12	12	1	5	9	3.56	8.7778	0.1139
32	6645	265	997	27	279	238	718	41	380	44	437	180	180	12	12	1	5	9	3.56	8.8148	0.1134
32	6679	266	998	27	279	239	719	41	380	44	437	181	181	12	12	1	5	9	3.56	8.8519	0.1130
32	6719	267	1007	27	279	240	728	42	389	44	437	181	181	12	12	1	5	9	3.56	8.8889	0.1125
32	6729	268	1010	27	279	241	731	42	389	45	440	181	181	12	12	1	5	9	3.56	8.9259	0.1120
32	6745	269	1015	28	284	241	731	42	389	46	445	181	181	12	12	1	5	9	3.56	8.6071	0.1162
32	6825	270	1016	28	284	242	732	42	389	46	445	182	182	12	12	1	5	10	3.20	8.6429	0.1157
32	6847	271	1017	29	285	242	732	42	389	46	445	183	183	12	12	1	5	10	3.20	8.3448	0.1198
32	6860	272	1036	30	304	242	732	42	389	47	464	183	183	12	12	1	5	11	2.91	8.0667	0.1240
32	6873	273	1037	30	304	243	733	42	389	47	464	184	184	12	12	1	5	12	2.67	8.1000	0.1235
32	6951	274	1042	30	304	244	738	42	389	48	469	184	184	12	12	1	5	12	2.67	8.1333	0.1230
32	6953	275	1043	30	304	245	739	42	389	48	469	185	185	12	12	1	5	12	2.67	8.1667	0.1224
32	6974	276	1046	31	307	245	739	42	389	49	472	185	185	12	12	1	5	12	2.67	7.9032	0.1265
32	6977	277	1051	31	307	246	744	42	389	50	477	185	185	12	12	1	5	12	2.67	7.9355	0.1260
32	6978	278	1057	31	307	247	750	42	389	51	483	185	185	12	12	1	5	12	2.67	7.9677	0.1255
32	6984	279	1058	31	307	248	751	42	389	51	483	186	186	12	12	1	5	12	2.67	8.0000	0.1250
32	7002	280	1059	31	307	249	752	42	389	51	483	187	187	12	12	1	5	12	2.67	8.0323	0.1245
32	7015	281	1066	32	314	249	752	43	396	51	483	187	187	12	12	1	5	12	2.67	7.7813	0.1285
32	7029	282	1067	32	314	250	753	43	396	51	483	188	188	12	12	1	5	11	2.91	7.8125	0.1280
32	7069	283	1068	32	314	251	754	43	396	51	483	189	189	12	12	1	5	11	2.91	7.8438	0.1275
32	7090	284	1069	32	314	252	755	43	396	51	483	190	190	12	12	1	5	11	2.91	7.8750	0.1270
32	7112	285	1070	32	314	253	756	43	396	51	483	191	191	12	12	1	5	11	2.91	7.9063	0.1265
32	7119	286	1076	32	314	254	762	44	402	51	483	191	191	12	12	1	5	11	2.91	7.9375	0.1260
32	7130	287	1077	32	314	255	763	44	402	51	483	192	192	12	12	1	5	11	2.91	7.9688	0.1255
32	7153	288	1078	32	314	256	764	44	402	51	483	193	193	12	12	1	5	11	2.91	8.0000	0.1250
32	7163	289	1079	32	314	257	765	44	402	51	483	194	194	12	12	1	5	11	2.91	8.0313	0.1245
32	7177	290	1080	32	314	258	766	44	402	51	483	195	195	12	12	1	5	11	2.91	8.0625	0.1240
32	7191	291	1081	32	314	259	767	44	402	51	483	196	196	12	12	1	5	11	2.91	8.0938	0.1236
32	7259	292	1095	33	328	259	767	45	416	51	483	196	196	12	12	1	5	11	2.91	7.8485	0.1274
32	7263	293	1096	33	328	260	768	45	416	51	483	197	197	12	12	1	5	10	3.20	7.8788	0.1269
32	7264	294	1101	33	328	261	773	45	416	52	488	197	197	12	12	1	5	10	3.20	7.9091	0.1264
32	7265	295	1102	33	328	262	774	45	416	52	488	198	198	12	12	1	5	10	3.20	7.9394	0.1260
32	7266	296	1108	33	328	263	780	46	422	52	488	198	198	12	12	1	5	10	3.20	7.9697	0.1255
32	7267	297	1109	33	328	264	781	46	422	52	488	199	199	12	12	1	5	10	3.20	8.0000	0.1250
32	7292	298	1110	33	328	265	782	46	422	52	488	200	200	12	12	1	5	10	3.20	8.0303	0.1245
32	7332	299	1111	33	328	266	783	46	422	52	488	201	201	12	12	1	5	10	3.20	8.0606	0.1241
32	7345	300	1112	33	328	267	784	46	422	52	488	202	202	12	12	1	5	10	3.20	8.0909	0.1236
32	7412	300	1112	33	328	267	784	46	422	52	488	202	202	13	13	1	5	10	3.20	8.0909	0.1236
32	7422	301	1116	34	332	267	784	46	422	53	492	202	202	13	13	1	5	10	3.20	7.8529	0.1273
32	7429	302	1117	34	332	268	785	46	422	53	492	203	203	13	13	1	5	11	2.91	7.8824	0.1269
32	7432	303	1118	34	332	269	786	46	422	53	492	204	204	13	13	1	5	11	2.91	7.9118	0.1264
32	7504	304	1127	34	332	270	795	47	431	53	492	204	204	13	13	1	5	11	2.91	7.9412	0.1259
32	7577	305	1128	34	332	271	796	47	431	53	492	205	205	13	13	1	5	11	2.91	7.9706	0.1255
32	7590	306	1129	34	332	272	797	47	431	53	492	206	206	13	13	1	5	11	2.91	8.0000	0.1250
32	7656	306	1129	34	332	272	797	47	431	53	492	206	206	14	14	1	5	11	2.91	8.0000	0.1250
32	7664	306	1129	34	332	272	797	47	431	53	492	206	206	15	15	1	5	11	2.91	8.0000	0.1250
32	7685	307	1135	35	338	272	797	47	431	54	498	206	206	15	15	1	5	11	2.91	7.7714	0.1287
32	7715	307	1135	35	338	272	797	47	431	54	498	206	206	16	16	1	5	12	2.67	7.7714	0.1287
32	7731	308	1141	36	344	272	797	48	437	54	498	206	206	16	16	1	5	12	2.67	7.5556	0.1324
32	7755	309	1142	36	344	273	798	48	437	54	498	207	207	16	16	1	5	12	2.67	7.5833	0.1319
32	7760	309	1142	36	344	273	798	48	437	54	498	207	207	17	17	1	5	12	2.67	7.5833	0.1319
32	7773	310	1146	37	348	273	798	49	441	54	498	207	207	17	17	1	5	12	2.67	7.3784	0.1355
32	7785	311	1147	37	348	274	799	49	441	54	498	208	208	17	17	1	5	11	2.91	7.4054	0.1350
32	7788	312	1156	37	348	275	808	50	450	54	498	208	208	17	17	1	5	11	2.91	7.4324	0.1345
32	7795	313	1157	37	348	276	809	50	450	54	498	209	209	17	17	1	5	11	2.91	7.4595	0.1341
32	7819	314	1158	37	348	277	810	50	450	54	498	210	210	17	17	1	5	11	2.91	7.4865	0.1336
32	7831	315	1165	38	355	277	810	50	450	55	505	210	210	17	17	1	5	11	2.91	7.2895	0.1372
32	7865	316	1166	38	355	278	811	50	450	55	505	211	211	17	17	1	5	11	2.91	7.3158	0.1367
32	7886	317	1167	38	355	279	812	50	450	55	505	212	212	17	17	1	5	11	2.91	7.3421	0.1362
32	7887	318	1182	38	355	280	827	51	465	55	505	212	212	17	17	1	5	11	2.91	7.3684	0.1357
32	7890	319	1183	39	356	280	827	51	465	55	505	213	213	17	17	1	5	11	2.91	7.1795	0.1393
32	7899	320	1189	40	362	280	827	52	471	55	505	213	213	17	17	1	5	10	3.20	7.0000	0.1429
32	7906	321	1190	40	362	281	828	52	471	55	505	214	214	17	17	1	5	9	3.56	7.0250	0.1423
32	7964	322	1202	40	362	282	840	52	471	56	517	214	214	17	17	1	5	9	3.56	7.0500	0.1418
32	7995	323	1207	40	362	283	845	52	471	57	522	214	214	17	17	1	5	9	3.56	7.0750	0.1413
32	8003	324	1208	40	362	284	846	52	471	57	522	215	215	17	17	1	5	9	3.56	7.1000	0.1408
32	8017	325	1209	40	362	285	847	52	471	57	522	216	216	17	17	1	5	9	3.56	7.1250	0.1404
32	8023	326	1214	40	362	286	852	53	476	57	522	216	216	17	17	1	5	9	3.56	7.1500	0.1399
32	8083	327	1215	40	362	287	853	53	476	57	522	217	217	17	17	1	5	9	3.56	7.1750	0.1394
32	8198	328	1216	40	362	288	854	53	476	57	522	218	218	17	17	1	5	9	3.56	7.2000	0.1389
32	8212	329	1231	41	377	288	854	54	491	57	522	218	218	17	17	1	5	9	3.56	7.0244	0.1424
32	8232	330	1232	41	377	289	855	54	491	57	522	219	219	17	17	1	5	9	3.56	7.0488	0.1419
32	8241	331	1233	41	377	290	856	54	491	57	522	220	220	17	17	1	5	9	3.56	7.0732	0.1414
32	8258	332	1234	41	377	291	857	54	491	57	522	221	221	17	17	1	5	9	3.56	7.0976	0.1409
32	8303	333	1238	41	377	292	861	55	495	57	522	221	221	17	17	1	5	9	3.56	7.1220	0.1404
32	8310	334	1239	41	377	293	862	55	495	57	522	222	222	17	17	1	5	9	3.56	7.1463	0.1399
32	8315	335	1248	41	377	294	871	55	495	58	531	222	222	17	17	1	5	9	3.56	7.1707	0.1395
32	8334	336	1255	41	377	295	878	55	495	59	538	222	222	17	17	1	5	9	3.56	7.1951	0.1390
32	8335	337	1256	41	377	296	879	55	495	59	538	223	223	17	17	1	5	9	3.56	7.2195	0.1385
32	8343	338	1257	41	377	297	880	55	495	59	538	224	224	17	17	1	5	9	3.56	7.2439	0.1380
32	8344	339	1266	42	386	297	880	55	495	60	547	224	224	17	17	1	5	9	3.56	7.0714	0.1414
32	8350	340	1267	42	386	298	881	55	495	60	547	225	225	17	17	1	5	10	3.20	7.0952	0.1409
32	8357	341	1276	43	395	298	881	56	504	60	547	225	225	17	17	1	5	10	3.20	6.9302	0.1443
32	8420	342	1283	43	395	299	888	56	504	61	554	225	225	17	17	1	5	9	3.56	6.9535	0.1438
32	8496	343	1290	43	395	300	895	57	511	61	554	225	225	17	17	1	5	9	3.56	6.9767	0.1433
32	8498	344	1291	43	395	301	896	57	511	61	554	226	226	17	17	1	5	9	3.56	7.0000	0.1429
32	8504	345	1300	43	395	302	905	58	520	61	554	226	226	17	17	1	5	9	3.56	7.0233	0.1424
32	8519	345	1300	43	395	302	905	58	520	61	554	226	226	18	18	1	5	9	3.56	7.0233	0.1424
32	8534	346	1301	43	395	303	906	58	520	61	554	227	227	18	18	1	5	9	3.56	7.0465	0.1419
32	8545	347	1302	43	395	304	907	58	520	61	554	228	228	18	18	1	5	9	3.56	7.0698	0.1414
32	8574	348	1303	43	395	305	908	58	520	61	554	229	229	18	18	1	5	9	3.56	7.0930	0.1410
32	8715	349	1304	43	395	306	909	58	520	61	554	230	230	18	18	1	5	9	3.56	7.1163	0.1405
32	8726	350	1305	43	395	307	910	58	520	61	554	231	231	18	18	1	5	9	3.56	7.1395	0.1401
32	8769	351	1306	44	396	307	910	58	520	61	554	232	232	18	18	1	5	9	3.56	6.9773	0.1433
32	8772	351	1306	44	396	307	910	58	520	61	554	232	232	18	18	2	7	10	3.20	6.9773	0.1433
32	8818	352	1307	44	396	308	911	58	520	61	554	233	233	18	18	2	7	10	3.20	7.0000	0.1429
32	8823	353	1311	45	400	308	911	59	524	61	554	233	233	18	18	2	7	10	3.20	6.8444	0.1461
32	8842	354	1312	45	400	309	912	59	524	61	554	234	234	18	18	2	7	9	3.56	6.8667	0.1456
32	8848	355	1313	45	400	310	913	59	524	61	554	235	235	18	18	2	7	9	3.56	6.8889	0.1452
32	8865	356	1314	45	400	311	914	59	524	61	554	236	236	18	18	2	7	9	3.56	6.9111	0.1447
32	8867	357	1318	46	404	311	914	59	524	62	558	236	236	18	18	2	7	9	3.56	6.7609	0.1479
32	8885	358	1319	46	404	312	915	59	524	62	558	237	237	18	18	2	7	10	3.20	6.7826	0.1474
32	8975	359	1323	46	404	313	919	59	524	63	562	237	237	18	18	2	7	10	3.20	6.8043	0.1470
32	8980	359	1323	46	404	313	919	59	524	63	562	237	237	19	19	2	7	10	3.20	6.8043	0.1470
32	9055	360	1324	46	404	314	920	59	524	63	562	238	238	19	19	2	7	10	3.20	6.8261	0.1465
32	9066	361	1325	46	404	315	921	59	524	63	562	239	239	19	19	2	7	10	3.20	6.8478	0.1460
32	9067	362	1329	46	404	316	925	59	524	64	566	239	239	19	19	2	7	10	3.20	6.8696	0.1456
32	9098	363	1330	46	404	317	926	59	524	64	566	240	240	19	19	2	7	10	3.20	6.8913	0.1451
32	9128	364	1338	46	404	318	934	59	524	65	574	240	240	19	19	2	7	10	3.20	6.9130	0.1447
32	9155	365	1339	46	404	319	935	59	524	65	574	241	241	19	19	2	7	10	3.20	6.9348	0.1442
32	9201	366	1343	46	404	320	939	59	524	66	578	241	241	19	19	2	7	10	3.20	6.9565	0.1438
32	9215	367	1344	46	404	321	940	59	524	66	578	242	242	19	19	2	7	10	3.20	6.9783	0.1433
32	9241	368	1345	46	404	322	941	59	524	66	578	243	243	19	19	2	7	10	3.20	7.0000	0.1429
32	9311	369	1346	46	404	323	942	59	524	66	578	244	244	19	19	2	7	10	3.20	7.0217	0.1424
32	9337	370	1347	46	404	324	943	59	524	66	578	245	245	19	19	2	7	10	3.20	7.0435	0.1420
32	9405	371	1348	46	404	325	944	59	524	66	578	246	246	19	19	2	7	10	3.20	7.0652	0.1415
32	9509	372	1349	46	404	326	945	59	524	66	578	247	247	19	19	2	7	10	3.20	7.0870	0.1411
32	9557	373	1350	46	404	327	946	59	524	66	578	248	248	19	19	2	7	10	3.20	7.1087	0.1407
32	9561	373	1350	46	404	327	946	59	524	66	578	248	248	20	20	2	7	10	3.20	7.1087	0.1407
32	9571	374	1351	46	404	328	947	59	524	66	578	249	249	20	20	2	7	10	3.20	7.1304	0.1402
32	9579	375	1361	46	404	329	957	59	524	67	588	249	249	20	20	2	7	10	3.20	7.1522	0.1398
32	9632	376	1362	46	404	330	958	59	524	67	588	250	250	20	20	2	7	10	3.20	7.1739	0.1394
32	9669	377	1363	46	404	331	959	59	524	67	588	251	251	20	20	2	7	10	3.20	7.1957	0.1390
32	9671	378	1368	47	409	331	959	60	529	67	588	251	251	20	20	2	7	10	3.20	7.0426	0.1420
32	9705	379	1379	47	409	332	970	60	529	68	599	251	251	20	20	2	7	9	3.56	7.0638	0.1416
32	9715	380	1383	48	413	332	970	61	533	68	599	251	251	20	20	2	7	9	3.56	6.9167	0.1446
32	9746	381	1390	48	413	333	977	62	540	68	599	251	251	20	20	2	7	8	4.00	6.9375	0.1441
32	9749	382	1394	48	413	334	981	63	544	68	599	251	251	20	20	2	7	8	4.00	6.9583	0.1437
32	9759	383	1395	48	413	335	982	63	544	68	599	252	252	20	20	2	7	8	4.00	6.9792	0.1433
32	9773	384	1396	48	413	336	983	63	544	68	599	253	253	20	20	2	7	8	4.00	7.0000	0.1429
32	9776	385	1397	48	413	337	984	63	544	68	599	254	254	20	20	2	7	8	4.00	7.0208	0.1424
32	9787	386	1398	48	413	338	985	63	544	68	599	255	255	20	20	2	7	8	4.00	7.0417	0.1420
32	9806	387	1399	48	413	339	986	63	544	68	599	256	256	20	20	2	7	8	4.00	7.0625	0.1416
32	9809	388	1400	48	413	340	987	63	544	68	599	257	257	20	20	2	7	8	4.00	7.0833	0.1412
32	9835	389	1401	48	413	341	988	63	544	68	599	258	258	20	20	2	7	8	4.00	7.1042	0.1408
32	9852	390	1402	48	413	342	989	63	544	68	599	259	259	20	20	2	7	8	4.00	7.1250	0.1404
32	9860	391	1408	48	413	343	995	63	544	69	605	259	259	20	20	2	7	8	4.00	7.1458	0.1399
32	9881	392	1409	48	413	344	996	63	544	69	605	260	260	20	20	2	7	8	4.00	7.1667	0.1395
32	9887	393	1410	48	413	345	997	63	544	69	605	261	261	20	20	2	7	8	4.00	7.1875	0.1391
32	9888	394	1411	48	413	346	998	63	544	69	605	262	262	20	20	2	7	8	4.00	7.2083	0.1387
32	9901	395	1412	48	413	347	999	63	544	69	605	263	263	20	20	2	7	8	4.00	7.2292	0.1383
32	9905	396	1413	48	413	348	1000	63	544	69	605	264	264	20	20	2	7	8	4.00	7.2500	0.1379
32	9922	397	1414	48	413	349	1001	63	544	69	605	265	265	20	20	2	7	8	4.00	7.2708	0.1375
32	9930	398	1415	48	413	350	1002	63	544	69	605	266	266	20	20	2	7	8	4.00	7.2917	0.1371
32	9933	399	1416	48	413	351	1003	63	544	69	605	267	267	20	20	2	7	8	4.00	7.3125	0.1368
32	9961	400	1432	48	413	352	1019	63	544	70	621	267	267	20	20	2	7	8	4.00	7.3333	0.1364
32	10003	401	1439	48	413	353	1026	64	551	70	621	267	267	20	20	2	7	8	4.00	7.3542	0.1360
32	10021	402	1440	48	413	354	1027	64	551	70	621	268	268	20	20	2	7	8	4.00	7.3750	0.1356
32	10049	403	1444	48	413	355	1031	65	555	70	621	268	268	20	20	2	7	8	4.00	7.3958	0.1352
32	10053	404	1454	48	413	356	1041	66	565	70	621	268	268	20	20	2	7	8	4.00	7.4167	0.1348
32	10054	405	1456	49	415	356	1041	66	565	71	623	268	268	20	20	2	7	8	4.00	7.2653	0.1376
32	10072	406	1457	49	415	357	1042	66	565	71	623	269	269	20	20	2	7	8	4.00	7.2857	0.1373
32	10084	407	1472	49	415	358	1057	67	580	71	623	269	269	20	20	2	7	8	4.00	7.3061	0.1369
32	10133	408	1473	49	415	359	1058	67	580	71	623	270	270	20	20	2	7	8	4.00	7.3265	0.1365
32	10188	409	1474	49	415	360	1059	67	580	71	623	271	271	20	20	2	7	8	4.00	7.3469	0.1361
32	10212	410	1475	49	415	361	1060	67	580	71	623	272	272	20	20	2	7	8	4.00	7.3673	0.1357
32	10237	411	1478	49	415	362	1063	68	583	71	623	272	272	20	20	2	7	8	4.00	7.3878	0.1354
32	10251	412	1479	49	415	363	1064	68	583	71	623	273	273	20	20	2	7	8	4.00	7.4082	0.1350
32	10283	413	1480	49	415	364	1065	68	583	71	623	274	274	20	20	2	7	8	4.00	7.4286	0.1346
32	10327	414	1500	50	435	364	1065	69	603	71	623	274	274	20	20	2	7	8	4.00	7.2800	0.1374
32	10339	415	1513	50	435	365	1078	70	616	71	623	274	274	20	20	2	7	7	4.57	7.3000	0.1370
32	10340	416	1514	50	435	366	1079	70	616	71	623	275	275	20	20	2	7	7	4.57	7.3200	0.1366
32	10381	417	1515	50	435	367	1080	70	616	71	623	276	276	20	20	2	7	7	4.57	7.3400	0.1362
32	10443	418	1516	50	435	368	1081	70	616	71	623	277	277	20	20	2	7	7	4.57	7.3600	0.1359
32	10446	419	1531	50	435	369	1096	71	631	71	623	277	277	20	20	2	7	7	4.57	7.3800	0.1355
32	10449	420	1544	51	448	369	1096	71	631	72	636	277	277	20	20	2	7	7	4.57	7.2353	0.1382
32	10450	421	1545	51	448	370	1097	71	631	72	636	278	278	20	20	2	7	8	4.00	7.2549	0.1378
32	10467	422	1546	51	448	371	1098	71	631	72	636	279	279	20	20	2	7	8	4.00	7.2745	0.1375
32	10502	423	1547	51	448	372	1099	71	631	72	636	280	280	20	20	2	7	8	4.00	7.2941	0.1371
32	10507	424	1548	51	448	373	1100	71	631	72	636	281	281	20	20	2	7	8	4.00	7.3137	0.1367
32	10523	425	1549	51	448	374	1101	71	631	72	636	282	282	20	20	2	7	8	4.00	7.3333	0.1364
32	10550	426	1550	51	448	375	1102	71	631	72	636	283	283	20	20	2	7	8	4.00	7.3529	0.1360
32	10578	427	1551	51	448	376	1103	71	631	72	636	284	284	20	20	2	7	8	4.00	7.3725	0.1356
32	10581	428	1565	51	448	377	1117	71	631	73	650	284	284	20	20	2	7	8	4.00	7.3922	0.1353
32	10619	429	1566	51	448	378	1118	71	631	73	650	285	285	20	20	2	7	8	4.00	7.4118	0.1349
32	10630	430	1573	52	455	378	1118	71	631	74	657	285	285	20	20	2	7	8	4.00	7.2692	0.1376
32	10647	431	1577	52	455	379	1122	71	631	75	661	285	285	20	20	2	7	9	3.56	7.2885	0.1372
32	10654	432	1578	52	455	380	1123	71	631	75	661	286	286	20	20	2	7	9	3.56	7.3077	0.1368
32	10670	433	1579	52	455	381	1124	71	631	75	661	287	287	20	20	2	7	9	3.56	7.3269	0.1365
32	10711	433	1579	52	455	381	1124	71	631	75	661	287	287	21	21	2	7	9	3.56	7.3269	0.1365
32	10751	434	1580	52	455	382	1125	71	631	75	661	288	288	21	21	2	7	9	3.56	7.3462	0.1361
32	10761	435	1581	52	455	383	1126	71	631	75	661	289	289	21	21	2	7	9	3.56	7.3654	0.1358
32	10774	436	1584	53	458	383	1126	72	634	75	661	289	289	21	21	2	7	9	3.56	7.2264	0.1384
32	10809	437	1585	53	458	384	1127	72	634	75	661	290	290	21	21	2	7	9	3.56	7.2453	0.1380
32	10810	438	1586	53	458	385	1128	72	634	75	661	291	291	21	21	2	7	9	3.56	7.2642	0.1377
32	10830	439	1606	54	478	385	1128	72	634	76	681	291	291	21	21	2	7	9	3.56	7.1296	0.1403
32	10919	440	1626	55	498	385	1128	73	654	76	681	291	291	21	21	2	7	10	3.20	7.0000	0.1429
32	10924	441	1627	55	498	386	1129	73	654	76	681	292	292	21	21	2	7	9	3.56	7.0182	0.1425
32	10938	442	1628	55	498	387	1130	73	654	76	681	293	293	21	21	2	7	9	3.56	7.0364	0.1421
32	10980	443	1645	55	498	388	1147	74	671	76	681	293	293	21	21	2	7	9	3.56	7.0545	0.1418
32	10990	443	1645	55	498	388	1147	74	671	76	681	293	293	22	22	2	7	9	3.56	7.0545	0.1418
32	11128	444	1646	55	498	389	1148	74	671	76	681	294	294	22	22	2	7	9	3.56	7.0727	0.1414
32	11181	445	1649	56	501	389	1148	74	671	77	684	294	294	22	22	2	7	9	3.56	6.9464	0.1440
32	11199	445	1649	56	501	389	1148	74	671	77	684	294	294	23	23	2	7	9	3.56	6.9464	0.1440
32	11235	446	1653	56	501	390	1152	74	671	78	688	294	294	23	23	2	7	9	3.56	6.9643	0.1436
32	11253	447	1654	56	501	391	1153	74	671	78	688	295	295	23	23	2	7	9	3.56	6.9821	0.1432
32	11274	448	1671	57	518	391	1153	74	671	79	705	295	295	23	23	2	7	9	3.56	6.8596	0.1458
32	11385	449	1672	57	518	392	1154	74	671	79	705	296	296	23	23	2	7	10	3.20	6.8772	0.1454
32	11394	449	1672	57	518	392	1154	74	671	79	705	296	296	24	24	2	7	10	3.20	6.8772	0.1454
32	11412	450	1673	57	518	393	1155	74	671	79	705	297	297	24	24	2	7	10	3.20	6.8947	0.1450
32	11447	450	1673	57	518	393	1155	74	671	79	705	297	297	25	25	2	7	10	3.20	6.8947	0.1450
32	11477	451	1674	57	518	394	1156	74	671	79	705	298	298	25	25	2	7	10	3.20	6.9123	0.1447
32	11486	452	1675	57	518	395	1157	74	671	79	705	299	299	25	25	2	7	10	3.20	6.9298	0.1443
32	11488	453	1681	58	524	395	1157	75	677	79	705	299	299	25	25	2	7	10	3.20	6.8103	0.1468
32	11496	454	1682	58	524	396	1158	75	677	79	705	300	300	25	25	2	7	9	3.56	6.8276	0.1465
32	11518	455	1683	58	524	397	1159	75	677	79	705	301	301	25	25	2	7	9	3.56	6.8448	0.1461
32	11527	456	1684	58	524	398	1160	75	677	79	705	302	302	25	25	2	7	9	3.56	6.8621	0.1457
32	11558	457	1688	58	524	399	1164	75	677	80	709	302	302	25	25	2	7	9	3.56	6.8793	0.1454
32	11573	458	1689	58	524	400	1165	75	677	80	709	303	303	25	25	2	7	9	3.56	6.8966	0.1450
32	11588	459	1690	58	524	401	1166	75	677	80	709	304	304	25	25	2	7	9	3.56	6.9138	0.1446
32	11599	460	1697	58	524	402	1173	75	677	81	716	304	304	25	25	2	7	9	3.56	6.9310	0.1443
32	11605	461	1698	58	524	403	1174	75	677	81	716	305	305	25	25	2	7	9	3.56	6.9483	0.1439
32	11651	462	1702	59	528	403	1174	76	681	81	716	305	305	25	25	2	7	9	3.56	6.8305	0.1464
32	11657	463	1703	59	528	404	1175	76	681	81	716	306	306	25	25	2	7	8	4.00	6.8475	0.1460
32	11671	464	1704	59	528	405	1176	76	681	81	716	307	307	25	25	2	7	8	4.00	6.8644	0.1457
32	11673	465	1709	59	528	406	1181	76	681	82	721	307	307	25	25	2	7	8	4.00	6.8814	0.1453
32	11677	467	1711	59	528	408	1183	76	681	82	721	309	309	25	25	2	7	8	4.00	6.9153	0.1446
32	11710	468	1729	59	528	409	1201	77	699	82	721	309	309	25	25	2	7	8	4.00	6.9322	0.1443
32	11733	470	1731	59	528	411	1203	77	699	82	721	311	311	25	25	2	7	8	4.00	6.9661	0.1436
32	11743	471	1732	59	528	412	1204	77	699	82	721	312	312	25	25	2	7	8	4.00	6.9831	0.1432
32	11755	472	1735	59	528	413	1207	78	702	82	721	312	312	25	25	2	7	8	4.00	7.0000	0.1429
32	11758	473	1736	59	528	414	1208	78	702	82	721	313	313	25	25	2	7	8	4.00	7.0169	0.1425
32	11810	474	1756	60	548	414	1208	78	702	83	741	313	313	25	25	2	7	8	4.00	6.9000	0.1449
32	11823	474	1756	60	548	414	1208	78	702	83	741	313	313	26	26	2	7	9	3.56	6.9000	0.1449
32	11835	475	1757	60	548	415	1209	78	702	83	741	314	314	26	26	2	7	9	3.56	6.9167	0.1446
32	11838	476	1761	61	552	415	1209	78	702	84	745	314	314	26	26	2	7	9	3.56	6.8033	0.1470
32	11908	477	1767	62	558	415	1209	78	702	85	751	314	314	26	26	2	7	10	3.20	6.6935	0.1494
32	11967	478	1774	63	565	415	1209	78	702	86	758	314	314	26	26	2	7	11	2.91	6.5873	0.1518
32	11971	479	1777	63	565	416	1212	78	702	87	761	314	314	26	26	2	7	11	2.91	6.6032	0.1514
32	11972	480	1792	63	565	417	1227	79	717	87	761	314	314	26	26	2	7	11	2.91	6.6190	0.1511
32	12016	481	1793	63	565	418	1228	79	717	87	761	315	315	26	26	2	7	11	2.91	6.6349	0.1507
32	12032	482	1794	63	565	419	1229	79	717	87	761	316	316	26	26	2	7	11	2.91	6.6508	0.1504
32	12049	483	1795	63	565	420	1230	79	717	87	761	317	317	26	26	2	7	11	2.91	6.6667	0.1500
32	12058	484	1796	63	565	421	1231	79	717	87	761	318	318	26	26	2	7	11	2.91	6.6825	0.1496
32	12064	485	1797	63	565	422	1232	79	717	87	761	319	319	26	26	2	7	11	2.91	6.6984	0.1493
32	12088	486	1815	64	583	422	1232	79	717	88	779	319	319	26	26	2	7	11	2.91	6.5938	0.1517
32	12105	487	1819	64	583	423	1236	79	717	89	783	319	319	26	26	2	7	12	2.67	6.6094	0.1513
32	12106	488	1820	64	583	424	1237	79	717	89	783	320	320	26	26	2	7	12	2.67	6.6250	0.1509
32	12107	489	1821	64	583	425	1238	79	717	89	783	321	321	26	26	2	7	12	2.67	6.6406	0.1506
||||||||||||||||||||||||||||||||||||||||||||||||||||||||||||||||||||||||||||||||||||||||||||||||||||||||||||||||||||||||||||||||||||||||||||||||||||||||||||||||||||||||||||||||||||||||||||||||||||||||||||||||||||||||||||
|||||||||||||||||||||||||||||||||||||||||||||||||||||||||||||||||||||||||||||||||||||||||||||||||||||| 32 Poins: ||||||||||||||||||||||||||||||||||||||||||||||||||||||||||||||||||||||||||||||||||||||||||||||||||||||
N	Att#	Tot	Ch Tot	Ext	Ch Ext	Int	Ch Int	GI	Ch GI	GO	Ch GO	Chld	Ch Chld	CD	Ch CD	BOX	Ch BOX	CH	All/CH	OverhIE	overhEI
||||||||||||||||||||||||||||||||||||||||||||||||||||||||||||||||||||||||||||||||||||||||||||||||||||||||||||||||||||||||||||||||||||||||||||||||||||||||||||||||||||||||||||||||||||||||||||||||||||||||||||||||||||||||||||
|||||||||||||||||||||||||||||||||||||||||||||||||||||||||||||||||||||||||||||||||||||||||||||||||||||| 32 Poins: ||||||||||||||||||||||||||||||||||||||||||||||||||||||||||||||||||||||||||||||||||||||||||||||||||||||
N	Att#	Tot	Ch Tot	Ext	Ch Ext	Int	Ch Int	GI	Ch GI	GO	Ch GO	Chld	Ch Chld	CD	Ch CD	BOX	Ch BOX	CH	All/CH	OverhIE	overhEI
||||||||||||||||||||||||||||||||||||||||||||||||||||||||||||||||||||||||||||||||||||||||||||||||||||||||||||||||||||||||||||||||||||||||||||||||||||||||||||||||||||||||||||||||||||||||||||||||||||||||||||||||||||||||||||
|||||||||||||||||||||||||||||||||||||||||||||||||||||||||||||||||||||||||||||||||||||||||||||||||||||| 32 Poins: ||||||||||||||||||||||||||||||||||||||||||||||||||||||||||||||||||||||||||||||||||||||||||||||||||||||
N	Att#	Tot	Ch Tot	Ext	Ch Ext	Int	Ch Int	GI	Ch GI	GO	Ch GO	Chld	Ch Chld	CD	Ch CD	BOX	Ch BOX	CH	All/CH	OverhIE	overhEI
32	31	0	0	0	0	0	0	0	0	0	0	0	0	1	1	0	0	9	3.56	?????	?????
32	35	1	9	0	0	1	9	0	0	1	9	0	0	1	1	0	0	9	3.56	?????	0.0000
32	90	2	10	1	1	1	9	0	0	1	9	1	1	1	1	0	0	9	3.56	1.0000	1.0000
32	109	3	11	1	1	2	10	0	0	1	9	2	2	1	1	0	0	8	4.00	2.0000	0.5000
32	124	4	12	1	1	3	11	0	0	1	9	3	3	1	1	0	0	8	4.00	3.0000	0.3333
32	133	5	13	1	1	4	12	0	0	1	9	4	4	1	1	0	0	8	4.00	4.0000	0.2500
||||||||||||||||||||||||||||||||||||||||||||||||||||||||||||||||||||||||||||||||||||||||||||||||||||||||||||||||||||||||||||||||||||||||||||||||||||||||||||||||||||||||||||||||||||||||||||||||||||||||||||||||||||||||||||
|||||||||||||||||||||||||||||||||||||||||||||||||||||||||||||||||||||||||||||||||||||||||||||||||||||| 32 Poins: ||||||||||||||||||||||||||||||||||||||||||||||||||||||||||||||||||||||||||||||||||||||||||||||||||||||
N	Att#	Tot	Ch Tot	Ext	Ch Ext	Int	Ch Int	GI	Ch GI	GO	Ch GO	Chld	Ch Chld	CD	Ch CD	BOX	Ch BOX	CH	All/CH	OverhIE	overhEI
||||||||||||||||||||||||||||||||||||||||||||||||||||||||||||||||||||||||||||||||||||||||||||||||||||||||||||||||||||||||||||||||||||||||||||||||||||||||||||||||||||||||||||||||||||||||||||||||||||||||||||||||||||||||||||
|||||||||||||||||||||||||||||||||||||||||||||||||||||||||||||||||||||||||||||||||||||||||||||||||||||| 32 Poins: ||||||||||||||||||||||||||||||||||||||||||||||||||||||||||||||||||||||||||||||||||||||||||||||||||||||
N	Att#	Tot	Ch Tot	Ext	Ch Ext	Int	Ch Int	GI	Ch GI	GO	Ch GO	Chld	Ch Chld	CD	Ch CD	BOX	Ch BOX	CH	All/CH	OverhIE	overhEI
32	3	1	1	0	0	1	1	0	0	0	0	1	1	0	0	0	0	11	2.91	?????	0.0000
32	18	2	2	0	0	2	2	0	0	0	0	2	2	0	0	0	0	11	2.91	?????	0.0000
32	26	3	3	0	0	3	3	0	0	0	0	3	3	0	0	0	0	11	2.91	?????	0.0000
