||||||||||||||||||||||||||||||||||||||||||||||||||||||||||||||||||||||||||||||||||||||||||||||||||||||||||||||||||||||||||||||||||||||||||||||||||||||||||||||||||||||||||||||||||||||||||||||||||||||||||||||||||||||||||||
|||||||||||||||||||||||||||||||||||||||||||||||||||||||||||||||||||||||||||||||||||||||||||||||||||||| 128 Poins: ||||||||||||||||||||||||||||||||||||||||||||||||||||||||||||||||||||||||||||||||||||||||||||||||||||||
N	Att#	Tot	Ch Tot	Ext	Ch Ext	Int	Ch Int	GI	Ch GI	GO	Ch GO	Chld	Ch Chld	CD	Ch CD	BOX	Ch BOX	CH	All/CH	OverhIE	overhEI
128	15	1	5	0	0	1	5	1	5	0	0	0	0	0	0	0	0	16	8.00	?????	0.0000
128	20	2	6	0	0	2	6	1	5	0	0	1	1	0	0	0	0	16	8.00	?????	0.0000
128	24	3	7	0	0	3	7	1	5	0	0	2	2	0	0	0	0	16	8.00	?????	0.0000
128	28	4	8	0	0	4	8	1	5	0	0	3	3	0	0	0	0	16	8.00	?????	0.0000
128	30	6	10	0	0	6	10	1	5	0	0	5	5	0	0	0	0	16	8.00	?????	0.0000
128	31	7	11	0	0	7	11	1	5	0	0	6	6	0	0	0	0	16	8.00	?????	0.0000
128	38	8	12	0	0	8	12	1	5	0	0	7	7	0	0	0	0	16	8.00	?????	0.0000
128	48	9	16	0	0	9	16	2	9	0	0	7	7	0	0	0	0	16	8.00	?????	0.0000
128	58	10	17	0	0	10	17	2	9	0	0	8	8	0	0	0	0	16	8.00	?????	0.0000
128	59	11	25	0	0	11	25	3	17	0	0	8	8	0	0	0	0	16	8.00	?????	0.0000
128	65	12	33	1	8	11	25	4	25	0	0	8	8	0	0	0	0	16	8.00	11.0000	0.0909
128	68	13	34	1	8	12	26	4	25	0	0	9	9	0	0	0	0	15	8.53	12.0000	0.0833
128	69	14	35	1	8	13	27	4	25	0	0	10	10	0	0	0	0	15	8.53	13.0000	0.0769
128	86	15	36	1	8	14	28	4	25	0	0	11	11	0	0	0	0	15	8.53	14.0000	0.0714
128	88	17	38	1	8	16	30	4	25	0	0	13	13	0	0	0	0	15	8.53	16.0000	0.0625
128	110	18	39	1	8	17	31	4	25	0	0	14	14	0	0	0	0	15	8.53	17.0000	0.0588
128	115	19	40	1	8	18	32	4	25	0	0	15	15	0	0	0	0	15	8.53	18.0000	0.0556
128	120	20	41	1	8	19	33	4	25	0	0	16	16	0	0	0	0	15	8.53	19.0000	0.0526
128	132	21	42	1	8	20	34	4	25	0	0	17	17	0	0	0	0	15	8.53	20.0000	0.0500
128	144	22	43	1	8	21	35	4	25	0	0	18	18	0	0	0	0	15	8.53	21.0000	0.0476
128	148	23	44	1	8	22	36	4	25	0	0	19	19	0	0	0	0	15	8.53	22.0000	0.0455
128	154	24	49	2	13	22	36	4	25	1	5	19	19	0	0	0	0	15	8.53	11.0000	0.0909
128	159	25	56	2	13	23	43	5	32	1	5	19	19	0	0	0	0	16	8.00	11.5000	0.0870
128	161	26	57	2	13	24	44	5	32	1	5	20	20	0	0	0	0	16	8.00	12.0000	0.0833
128	165	27	58	2	13	25	45	5	32	1	5	21	21	0	0	0	0	16	8.00	12.5000	0.0800
128	167	28	62	2	13	26	49	5	32	2	9	21	21	0	0	0	0	16	8.00	13.0000	0.0769
128	179	29	63	2	13	27	50	5	32	2	9	22	22	0	0	0	0	16	8.00	13.5000	0.0741
128	181	30	64	2	13	28	51	5	32	2	9	23	23	0	0	0	0	16	8.00	14.0000	0.0714
128	187	31	75	2	13	29	62	5	32	3	20	23	23	0	0	0	0	16	8.00	14.5000	0.0690
128	190	32	79	2	13	30	66	5	32	4	24	23	23	0	0	0	0	16	8.00	15.0000	0.0667
128	206	33	80	2	13	31	67	5	32	4	24	24	24	0	0	0	0	16	8.00	15.5000	0.0645
128	207	34	84	3	17	31	67	5	32	5	28	24	24	0	0	0	0	16	8.00	10.3333	0.0968
128	211	35	85	3	17	32	68	5	32	5	28	25	25	0	0	0	0	17	7.53	10.6667	0.0938
128	212	36	90	3	17	33	73	6	37	5	28	25	25	0	0	0	0	17	7.53	11.0000	0.0909
128	219	37	93	4	20	33	73	7	40	5	28	25	25	0	0	0	0	17	7.53	8.2500	0.1212
128	224	38	94	4	20	34	74	7	40	5	28	26	26	0	0	0	0	16	8.00	8.5000	0.1176
128	233	39	95	4	20	35	75	7	40	5	28	27	27	0	0	0	0	16	8.00	8.7500	0.1143
128	247	40	96	4	20	36	76	7	40	5	28	28	28	0	0	0	0	16	8.00	9.0000	0.1111
128	251	41	97	4	20	37	77	7	40	5	28	29	29	0	0	0	0	16	8.00	9.2500	0.1081
128	254	42	101	4	20	38	81	8	44	5	28	29	29	0	0	0	0	16	8.00	9.5000	0.1053
128	257	42	101	4	20	38	81	8	44	5	28	29	29	1	1	0	0	16	8.00	9.5000	0.1053
128	260	43	103	4	20	39	83	9	46	5	28	29	29	1	1	0	0	16	8.00	9.7500	0.1026
128	270	44	104	4	20	40	84	9	46	5	28	30	30	1	1	0	0	16	8.00	10.0000	0.1000
128	279	45	105	4	20	41	85	9	46	5	28	31	31	1	1	0	0	16	8.00	10.2500	0.0976
128	293	46	106	4	20	42	86	9	46	5	28	32	32	1	1	0	0	16	8.00	10.5000	0.0952
128	296	47	107	4	20	43	87	9	46	5	28	33	33	1	1	0	0	16	8.00	10.7500	0.0930
128	301	48	119	4	20	44	99	9	46	6	40	33	33	1	1	0	0	16	8.00	11.0000	0.0909
128	305	49	156	5	57	44	99	9	46	7	77	33	33	1	1	0	0	16	8.00	8.8000	0.1136
128	309	49	156	5	57	44	99	9	46	7	77	33	33	2	2	0	0	17	7.53	8.8000	0.1136
128	315	50	157	5	57	45	100	9	46	7	77	34	34	2	2	0	0	17	7.53	9.0000	0.1111
128	322	51	158	5	57	46	101	9	46	7	77	35	35	2	2	0	0	17	7.53	9.2000	0.1087
128	328	52	159	5	57	47	102	9	46	7	77	36	36	2	2	0	0	17	7.53	9.4000	0.1064
128	341	53	160	5	57	48	103	9	46	7	77	37	37	2	2	0	0	17	7.53	9.6000	0.1042
128	342	54	164	5	57	49	107	10	50	7	77	37	37	2	2	0	0	17	7.53	9.8000	0.1020
128	344	55	165	5	57	50	108	10	50	7	77	38	38	2	2	0	0	17	7.53	10.0000	0.1000
128	347	56	166	5	57	51	109	10	50	7	77	39	39	2	2	0	0	17	7.53	10.2000	0.0980
128	349	57	170	6	61	51	109	11	54	7	77	39	39	2	2	0	0	17	7.53	8.5000	0.1176
128	366	58	171	6	61	52	110	11	54	7	77	40	40	2	2	0	0	17	7.53	8.6667	0.1154
128	370	59	217	7	107	52	110	12	100	7	77	40	40	2	2	0	0	17	7.53	7.4286	0.1346
128	371	61	219	7	107	54	112	12	100	7	77	42	42	2	2	0	0	16	8.00	7.7143	0.1296
128	378	62	220	7	107	55	113	12	100	7	77	43	43	2	2	0	0	16	8.00	7.8571	0.1273
128	381	63	228	7	107	56	121	12	100	8	85	43	43	2	2	0	0	16	8.00	8.0000	0.1250
128	388	64	229	7	107	57	122	12	100	8	85	44	44	2	2	0	0	16	8.00	8.1429	0.1228
128	395	65	230	7	107	58	123	12	100	8	85	45	45	2	2	0	0	16	8.00	8.2857	0.1207
128	409	66	237	8	114	58	123	12	100	9	92	45	45	2	2	0	0	16	8.00	7.2500	0.1379
128	414	67	238	8	114	59	124	12	100	9	92	46	46	2	2	0	0	17	7.53	7.3750	0.1356
128	415	68	239	8	114	60	125	12	100	9	92	47	47	2	2	0	0	17	7.53	7.5000	0.1333
128	419	68	239	8	114	60	125	12	100	9	92	47	47	3	3	0	0	17	7.53	7.5000	0.1333
128	423	69	250	8	114	61	136	13	111	9	92	47	47	3	3	0	0	17	7.53	7.6250	0.1311
128	441	70	256	9	120	61	136	14	117	9	92	47	47	3	3	0	0	17	7.53	6.7778	0.1475
128	442	71	257	9	120	62	137	14	117	9	92	48	48	3	3	0	0	16	8.00	6.8889	0.1452
128	444	71	257	9	120	62	137	14	117	9	92	48	48	4	4	0	0	16	8.00	6.8889	0.1452
128	452	72	270	9	120	63	150	15	130	9	92	48	48	4	4	0	0	16	8.00	7.0000	0.1429
128	466	73	271	9	120	64	151	15	130	9	92	49	49	4	4	0	0	16	8.00	7.1111	0.1406
128	472	74	272	9	120	65	152	15	130	9	92	50	50	4	4	0	0	16	8.00	7.2222	0.1385
128	482	75	273	9	120	66	153	15	130	9	92	51	51	4	4	0	0	16	8.00	7.3333	0.1364
128	484	76	278	9	120	67	158	15	130	10	97	51	51	4	4	0	0	16	8.00	7.4444	0.1343
128	487	77	286	9	120	68	166	15	130	11	105	51	51	4	4	0	0	16	8.00	7.5556	0.1324
128	489	78	289	10	123	68	166	15	130	12	108	51	51	4	4	0	0	16	8.00	6.8000	0.1471
128	491	79	290	10	123	69	167	15	130	12	108	52	52	4	4	0	0	17	7.53	6.9000	0.1449
128	494	80	291	10	123	70	168	15	130	12	108	53	53	4	4	0	0	17	7.53	7.0000	0.1429
128	496	81	292	10	123	71	169	15	130	12	108	54	54	4	4	0	0	17	7.53	7.1000	0.1408
128	497	82	296	10	123	72	173	15	130	13	112	54	54	4	4	0	0	17	7.53	7.2000	0.1389
128	500	83	306	10	123	73	183	16	140	13	112	54	54	4	4	0	0	17	7.53	7.3000	0.1370
128	503	84	307	10	123	74	184	16	140	13	112	55	55	4	4	0	0	17	7.53	7.4000	0.1351
128	507	85	308	10	123	75	185	16	140	13	112	56	56	4	4	0	0	17	7.53	7.5000	0.1333
128	511	86	316	10	123	76	193	17	148	13	112	56	56	4	4	0	0	17	7.53	7.6000	0.1316
128	512	87	317	10	123	77	194	17	148	13	112	57	57	4	4	0	0	17	7.53	7.7000	0.1299
128	521	88	318	10	123	78	195	17	148	13	112	58	58	4	4	0	0	17	7.53	7.8000	0.1282
128	528	89	341	10	123	79	218	17	148	14	135	58	58	4	4	0	0	17	7.53	7.9000	0.1266
128	530	90	342	10	123	80	219	17	148	14	135	59	59	4	4	0	0	17	7.53	8.0000	0.1250
128	534	91	343	10	123	81	220	17	148	14	135	60	60	4	4	0	0	17	7.53	8.1000	0.1235
128	537	92	351	10	123	82	228	17	148	15	143	60	60	4	4	0	0	17	7.53	8.2000	0.1220
128	539	93	360	10	123	83	237	17	148	16	152	60	60	4	4	0	0	17	7.53	8.3000	0.1205
128	544	94	361	10	123	84	238	17	148	16	152	61	61	4	4	0	0	17	7.53	8.4000	0.1190
128	548	95	365	10	123	85	242	18	152	16	152	61	61	4	4	0	0	17	7.53	8.5000	0.1176
128	554	96	366	10	123	86	243	18	152	16	152	62	62	4	4	0	0	17	7.53	8.6000	0.1163
128	559	96	366	10	123	86	243	18	152	16	152	62	62	5	5	0	0	17	7.53	8.6000	0.1163
128	576	97	369	10	123	87	246	19	155	16	152	62	62	5	5	0	0	17	7.53	8.7000	0.1149
128	584	99	371	10	123	89	248	19	155	16	152	64	64	5	5	0	0	17	7.53	8.9000	0.1124
128	596	100	372	10	123	90	249	19	155	16	152	65	65	5	5	0	0	17	7.53	9.0000	0.1111
128	598	101	395	10	123	91	272	20	178	16	152	65	65	5	5	0	0	17	7.53	9.1000	0.1099
128	609	102	396	10	123	92	273	20	178	16	152	66	66	5	5	0	0	17	7.53	9.2000	0.1087
128	610	103	397	10	123	93	274	20	178	16	152	67	67	5	5	0	0	17	7.53	9.3000	0.1075
128	612	104	398	10	123	94	275	20	178	16	152	68	68	5	5	0	0	17	7.53	9.4000	0.1064
128	621	105	410	10	123	95	287	21	190	16	152	68	68	5	5	0	0	17	7.53	9.5000	0.1053
128	626	106	411	10	123	96	288	21	190	16	152	69	69	5	5	0	0	17	7.53	9.6000	0.1042
128	629	107	417	10	123	97	294	22	196	16	152	69	69	5	5	0	0	17	7.53	9.7000	0.1031
128	633	108	418	10	123	98	295	22	196	16	152	70	70	5	5	0	0	17	7.53	9.8000	0.1020
128	634	109	425	10	123	99	302	23	203	16	152	70	70	5	5	0	0	17	7.53	9.9000	0.1010
128	638	110	426	10	123	100	303	23	203	16	152	71	71	5	5	0	0	17	7.53	10.0000	0.1000
128	644	111	427	10	123	101	304	23	203	16	152	72	72	5	5	0	0	17	7.53	10.1000	0.0990
128	647	112	428	10	123	102	305	23	203	16	152	73	73	5	5	0	0	17	7.53	10.2000	0.0980
128	661	113	429	10	123	103	306	23	203	16	152	74	74	5	5	0	0	17	7.53	10.3000	0.0971
128	678	114	430	10	123	104	307	23	203	16	152	75	75	5	5	0	0	17	7.53	10.4000	0.0962
128	679	115	431	10	123	105	308	23	203	16	152	76	76	5	5	0	0	17	7.53	10.5000	0.0952
128	688	116	432	10	123	106	309	23	203	16	152	77	77	5	5	0	0	17	7.53	10.6000	0.0943
128	695	118	434	10	123	108	311	23	203	16	152	79	79	5	5	0	0	17	7.53	10.8000	0.0926
128	696	119	435	10	123	109	312	23	203	16	152	80	80	5	5	0	0	17	7.53	10.9000	0.0917
128	701	119	435	10	123	109	312	23	203	16	152	80	80	6	6	0	0	17	7.53	10.9000	0.0917
128	705	120	436	10	123	110	313	23	203	16	152	81	81	6	6	0	0	17	7.53	11.0000	0.0909
128	708	121	440	10	123	111	317	23	203	17	156	81	81	6	6	0	0	17	7.53	11.1000	0.0901
128	713	122	441	10	123	112	318	23	203	17	156	82	82	6	6	0	0	17	7.53	11.2000	0.0893
128	728	123	442	10	123	113	319	23	203	17	156	83	83	6	6	0	0	17	7.53	11.3000	0.0885
128	733	124	443	10	123	114	320	23	203	17	156	84	84	6	6	0	0	17	7.53	11.4000	0.0877
128	749	125	449	10	123	115	326	24	209	17	156	84	84	6	6	0	0	17	7.53	11.5000	0.0870
128	761	126	450	10	123	116	327	24	209	17	156	85	85	6	6	0	0	17	7.53	11.6000	0.0862
128	764	127	451	10	123	117	328	24	209	17	156	86	86	6	6	0	0	17	7.53	11.7000	0.0855
128	767	128	452	10	123	118	329	24	209	17	156	87	87	6	6	0	0	17	7.53	11.8000	0.0847
128	774	129	453	10	123	119	330	24	209	17	156	88	88	6	6	0	0	17	7.53	11.9000	0.0840
128	777	130	454	10	123	120	331	24	209	17	156	89	89	6	6	0	0	17	7.53	12.0000	0.0833
||||||||||||||||||||||||||||||||||||||||||||||||||||||||||||||||||||||||||||||||||||||||||||||||||||||||||||||||||||||||||||||||||||||||||||||||||||||||||||||||||||||||||||||||||||||||||||||||||||||||||||||||||||||||||||
|||||||||||||||||||||||||||||||||||||||||||||||||||||||||||||||||||||||||||||||||||||||||||||||||||||| 128 Poins: ||||||||||||||||||||||||||||||||||||||||||||||||||||||||||||||||||||||||||||||||||||||||||||||||||||||
N	Att#	Tot	Ch Tot	Ext	Ch Ext	Int	Ch Int	GI	Ch GI	GO	Ch GO	Chld	Ch Chld	CD	Ch CD	BOX	Ch BOX	CH	All/CH	OverhIE	overhEI
128	18	1	4	0	0	1	4	0	0	1	4	0	0	0	0	0	0	13	9.85	?????	0.0000
128	22	2	5	0	0	2	5	0	0	1	4	1	1	0	0	0	0	13	9.85	?????	0.0000
128	41	3	6	0	0	3	6	0	0	1	4	2	2	0	0	0	0	13	9.85	?????	0.0000
128	43	4	24	0	0	4	24	1	18	1	4	2	2	0	0	0	0	13	9.85	?????	0.0000
128	48	5	25	0	0	5	25	1	18	1	4	3	3	0	0	0	0	13	9.85	?????	0.0000
128	52	6	26	0	0	6	26	1	18	1	4	4	4	0	0	0	0	13	9.85	?????	0.0000
128	56	7	27	0	0	7	27	1	18	1	4	5	5	0	0	0	0	13	9.85	?????	0.0000
128	57	8	31	0	0	8	31	2	22	1	4	5	5	0	0	0	0	13	9.85	?????	0.0000
128	66	9	32	0	0	9	32	2	22	1	4	6	6	0	0	0	0	13	9.85	?????	0.0000
128	72	10	33	0	0	10	33	2	22	1	4	7	7	0	0	0	0	13	9.85	?????	0.0000
128	78	11	34	0	0	11	34	2	22	1	4	8	8	0	0	0	0	13	9.85	?????	0.0000
128	79	12	35	0	0	12	35	2	22	1	4	9	9	0	0	0	0	13	9.85	?????	0.0000
128	85	13	48	1	13	12	35	2	22	2	17	9	9	0	0	0	0	13	9.85	12.0000	0.0833
128	89	14	49	1	13	13	36	2	22	2	17	10	10	0	0	0	0	14	9.14	13.0000	0.0769
128	103	15	87	1	13	14	74	3	60	2	17	10	10	0	0	0	0	14	9.14	14.0000	0.0714
128	107	16	90	1	13	15	77	4	63	2	17	10	10	0	0	0	0	14	9.14	15.0000	0.0667
128	125	17	91	1	13	16	78	4	63	2	17	11	11	0	0	0	0	14	9.14	16.0000	0.0625
128	137	18	92	1	13	17	79	4	63	2	17	12	12	0	0	0	0	14	9.14	17.0000	0.0588
128	152	19	108	1	13	18	95	5	79	2	17	12	12	0	0	0	0	14	9.14	18.0000	0.0556
128	162	20	109	1	13	19	96	5	79	2	17	13	13	0	0	0	0	14	9.14	19.0000	0.0526
128	174	21	110	1	13	20	97	5	79	2	17	14	14	0	0	0	0	14	9.14	20.0000	0.0500
128	190	22	113	1	13	21	100	6	82	2	17	14	14	0	0	0	0	14	9.14	21.0000	0.0476
128	191	23	114	1	13	22	101	6	82	2	17	15	15	0	0	0	0	14	9.14	22.0000	0.0455
128	201	24	122	2	21	22	101	7	90	2	17	15	15	0	0	0	0	14	9.14	11.0000	0.0909
128	206	25	123	2	21	23	102	7	90	2	17	16	16	0	0	0	0	13	9.85	11.5000	0.0870
128	222	26	124	2	21	24	103	7	90	2	17	17	17	0	0	0	0	13	9.85	12.0000	0.0833
128	224	27	125	2	21	25	104	7	90	2	17	18	18	0	0	0	0	13	9.85	12.5000	0.0800
128	235	28	129	2	21	26	108	7	90	3	21	18	18	0	0	0	0	13	9.85	13.0000	0.0769
128	236	30	131	2	21	28	110	7	90	3	21	20	20	0	0	0	0	13	9.85	14.0000	0.0714
128	237	31	132	2	21	29	111	7	90	3	21	21	21	0	0	0	0	13	9.85	14.5000	0.0690
128	254	32	133	2	21	30	112	7	90	3	21	22	22	0	0	0	0	13	9.85	15.0000	0.0667
128	302	33	134	2	21	31	113	7	90	3	21	23	23	0	0	0	0	13	9.85	15.5000	0.0645
128	307	34	135	2	21	32	114	7	90	3	21	24	24	0	0	0	0	13	9.85	16.0000	0.0625
128	319	35	136	2	21	33	115	7	90	3	21	25	25	0	0	0	0	13	9.85	16.5000	0.0606
128	328	36	170	2	21	34	149	8	124	3	21	25	25	0	0	0	0	13	9.85	17.0000	0.0588
128	335	37	171	2	21	35	150	8	124	3	21	26	26	0	0	0	0	13	9.85	17.5000	0.0571
128	354	38	176	2	21	36	155	8	124	4	26	26	26	0	0	0	0	13	9.85	18.0000	0.0556
128	364	39	177	2	21	37	156	8	124	4	26	27	27	0	0	0	0	13	9.85	18.5000	0.0541
128	375	40	178	2	21	38	157	8	124	4	26	28	28	0	0	0	0	13	9.85	19.0000	0.0526
128	385	41	179	2	21	39	158	8	124	4	26	29	29	0	0	0	0	13	9.85	19.5000	0.0513
128	389	42	185	2	21	40	164	8	124	5	32	29	29	0	0	0	0	13	9.85	20.0000	0.0500
128	396	44	187	2	21	42	166	8	124	5	32	31	31	0	0	0	0	13	9.85	21.0000	0.0476
128	402	45	192	2	21	43	171	9	129	5	32	31	31	0	0	0	0	13	9.85	21.5000	0.0465
128	408	46	202	2	21	44	181	10	139	5	32	31	31	0	0	0	0	13	9.85	22.0000	0.0455
128	416	47	203	2	21	45	182	10	139	5	32	32	32	0	0	0	0	13	9.85	22.5000	0.0444
128	424	48	204	2	21	46	183	10	139	5	32	33	33	0	0	0	0	13	9.85	23.0000	0.0435
128	440	49	212	2	21	47	191	10	139	6	40	33	33	0	0	0	0	13	9.85	23.5000	0.0426
128	445	50	213	2	21	48	192	10	139	6	40	34	34	0	0	0	0	13	9.85	24.0000	0.0417
128	448	51	214	2	21	49	193	10	139	6	40	35	35	0	0	0	0	13	9.85	24.5000	0.0408
128	470	52	215	2	21	50	194	10	139	6	40	36	36	0	0	0	0	13	9.85	25.0000	0.0400
128	483	52	215	2	21	50	194	10	139	6	40	36	36	1	1	0	0	13	9.85	25.0000	0.0400
128	506	53	218	2	21	51	197	10	139	7	43	36	36	1	1	0	0	13	9.85	25.5000	0.0392
128	511	54	239	2	21	52	218	10	139	8	64	36	36	1	1	0	0	13	9.85	26.0000	0.0385
128	518	55	240	2	21	53	219	10	139	8	64	37	37	1	1	0	0	13	9.85	26.5000	0.0377
128	531	56	241	2	21	54	220	10	139	8	64	38	38	1	1	0	0	13	9.85	27.0000	0.0370
128	541	57	279	2	21	55	258	10	139	9	102	38	38	1	1	0	0	13	9.85	27.5000	0.0364
128	546	58	294	3	36	55	258	10	139	10	117	38	38	1	1	0	0	13	9.85	18.3333	0.0545
128	553	59	299	4	41	55	258	11	144	10	117	38	38	1	1	0	0	14	9.14	13.7500	0.0727
128	558	60	300	4	41	56	259	11	144	10	117	39	39	1	1	0	0	13	9.85	14.0000	0.0714
128	563	61	301	4	41	57	260	11	144	10	117	40	40	1	1	0	0	13	9.85	14.2500	0.0702
128	576	62	302	4	41	58	261	11	144	10	117	41	41	1	1	0	0	13	9.85	14.5000	0.0690
128	577	63	309	4	41	59	268	11	144	11	124	41	41	1	1	0	0	13	9.85	14.7500	0.0678
128	584	64	310	4	41	60	269	11	144	11	124	42	42	1	1	0	0	13	9.85	15.0000	0.0667
128	610	65	311	4	41	61	270	11	144	11	124	43	43	1	1	0	0	13	9.85	15.2500	0.0656
128	622	66	312	4	41	62	271	11	144	11	124	44	44	1	1	0	0	13	9.85	15.5000	0.0645
128	624	67	325	5	54	62	271	12	157	11	124	44	44	1	1	0	0	13	9.85	12.4000	0.0806
128	631	68	338	5	54	63	284	13	170	11	124	44	44	1	1	0	0	12	10.67	12.6000	0.0794
128	651	69	343	5	54	64	289	13	170	12	129	44	44	1	1	0	0	12	10.67	12.8000	0.0781
128	652	70	344	5	54	65	290	13	170	12	129	45	45	1	1	0	0	12	10.67	13.0000	0.0769
128	692	71	345	5	54	66	291	13	170	12	129	46	46	1	1	0	0	12	10.67	13.2000	0.0758
128	700	72	346	5	54	67	292	13	170	12	129	47	47	1	1	0	0	12	10.67	13.4000	0.0746
128	705	73	350	5	54	68	296	14	174	12	129	47	47	1	1	0	0	12	10.67	13.6000	0.0735
128	737	74	358	5	54	69	304	14	174	13	137	47	47	1	1	0	0	12	10.67	13.8000	0.0725
128	759	75	359	5	54	70	305	14	174	13	137	48	48	1	1	0	0	12	10.67	14.0000	0.0714
128	762	76	360	5	54	71	306	14	174	13	137	49	49	1	1	0	0	12	10.67	14.2000	0.0704
128	763	77	388	6	82	71	306	14	174	14	165	49	49	1	1	0	0	12	10.67	11.8333	0.0845
128	772	78	389	6	82	72	307	14	174	14	165	50	50	1	1	0	0	13	9.85	12.0000	0.0833
128	777	79	390	6	82	73	308	14	174	14	165	51	51	1	1	0	0	13	9.85	12.1667	0.0822
128	785	80	391	7	83	73	308	14	174	14	165	52	52	1	1	0	0	13	9.85	10.4286	0.0959
128	796	81	413	7	83	74	330	14	174	15	187	52	52	1	1	0	0	12	10.67	10.5714	0.0946
128	801	82	414	7	83	75	331	14	174	15	187	53	53	1	1	0	0	12	10.67	10.7143	0.0933
128	813	84	416	7	83	77	333	14	174	15	187	55	55	1	1	0	0	12	10.67	11.0000	0.0909
128	818	85	417	7	83	78	334	14	174	15	187	56	56	1	1	0	0	12	10.67	11.1429	0.0897
128	833	86	439	7	83	79	356	15	196	15	187	56	56	1	1	0	0	12	10.67	11.2857	0.0886
128	854	87	440	7	83	80	357	15	196	15	187	57	57	1	1	0	0	12	10.67	11.4286	0.0875
128	885	88	441	7	83	81	358	15	196	15	187	58	58	1	1	0	0	12	10.67	11.5714	0.0864
128	896	89	442	7	83	82	359	15	196	15	187	59	59	1	1	0	0	12	10.67	11.7143	0.0854
128	920	90	443	7	83	83	360	15	196	15	187	60	60	1	1	0	0	12	10.67	11.8571	0.0843
128	922	91	444	7	83	84	361	15	196	15	187	61	61	1	1	0	0	12	10.67	12.0000	0.0833
128	926	92	460	7	83	85	377	15	196	16	203	61	61	1	1	0	0	12	10.67	12.1429	0.0824
128	948	92	460	7	83	85	377	15	196	16	203	61	61	2	2	0	0	12	10.67	12.1429	0.0824
128	961	93	461	7	83	86	378	15	196	16	203	62	62	2	2	0	0	12	10.67	12.2857	0.0814
128	962	94	462	7	83	87	379	15	196	16	203	63	63	2	2	0	0	12	10.67	12.4286	0.0805
128	984	95	463	7	83	88	380	15	196	16	203	64	64	2	2	0	0	12	10.67	12.5714	0.0795
128	989	96	464	7	83	89	381	15	196	16	203	65	65	2	2	0	0	12	10.67	12.7143	0.0787
128	1012	97	465	7	83	90	382	15	196	16	203	66	66	2	2	0	0	12	10.67	12.8571	0.0778
128	1013	98	466	7	83	91	383	15	196	16	203	67	67	2	2	0	0	12	10.67	13.0000	0.0769
128	1015	99	514	7	83	92	431	15	196	17	251	67	67	2	2	0	0	12	10.67	13.1429	0.0761
128	1016	99	514	7	83	92	431	15	196	17	251	67	67	3	3	0	0	12	10.67	13.1429	0.0761
128	1022	100	515	7	83	93	432	15	196	17	251	68	68	3	3	0	0	12	10.67	13.2857	0.0753
128	1025	101	516	7	83	94	433	15	196	17	251	69	69	3	3	0	0	12	10.67	13.4286	0.0745
128	1026	102	517	7	83	95	434	15	196	17	251	70	70	3	3	0	0	12	10.67	13.5714	0.0737
128	1028	103	520	7	83	96	437	15	196	18	254	70	70	3	3	0	0	12	10.67	13.7143	0.0729
128	1056	104	521	7	83	97	438	15	196	18	254	71	71	3	3	0	0	12	10.67	13.8571	0.0722
128	1068	105	522	7	83	98	439	15	196	18	254	72	72	3	3	0	0	12	10.67	14.0000	0.0714
128	1082	106	523	7	83	99	440	15	196	18	254	73	73	3	3	0	0	12	10.67	14.1429	0.0707
128	1088	107	560	7	83	100	477	15	196	19	291	73	73	3	3	0	0	12	10.67	14.2857	0.0700
128	1091	108	561	7	83	101	478	15	196	19	291	74	74	3	3	0	0	12	10.67	14.4286	0.0693
128	1104	109	572	7	83	102	489	15	196	20	302	74	74	3	3	0	0	12	10.67	14.5714	0.0686
128	1145	109	572	7	83	102	489	15	196	20	302	74	74	4	4	0	0	12	10.67	14.5714	0.0686
128	1154	109	572	7	83	102	489	15	196	20	302	74	74	5	5	0	0	12	10.67	14.5714	0.0686
128	1176	110	577	7	83	103	494	15	196	21	307	74	74	5	5	0	0	12	10.67	14.7143	0.0680
128	1186	111	578	7	83	104	495	15	196	21	307	75	75	5	5	0	0	12	10.67	14.8571	0.0673
128	1188	112	579	7	83	105	496	15	196	21	307	76	76	5	5	0	0	12	10.67	15.0000	0.0667
128	1189	113	580	7	83	106	497	15	196	21	307	77	77	5	5	0	0	12	10.67	15.1429	0.0660
128	1192	114	581	7	83	107	498	15	196	21	307	78	78	5	5	0	0	12	10.67	15.2857	0.0654
128	1226	115	582	7	83	108	499	15	196	21	307	79	79	5	5	0	0	12	10.67	15.4286	0.0648
128	1227	116	583	7	83	109	500	15	196	21	307	80	80	5	5	0	0	12	10.67	15.5714	0.0642
128	1243	117	584	7	83	110	501	15	196	21	307	81	81	5	5	0	0	12	10.67	15.7143	0.0636
128	1258	118	585	7	83	111	502	15	196	21	307	82	82	5	5	0	0	12	10.67	15.8571	0.0631
128	1264	119	613	7	83	112	530	16	224	21	307	82	82	5	5	0	0	12	10.67	16.0000	0.0625
128	1265	120	659	7	83	113	576	16	224	22	353	82	82	5	5	0	0	12	10.67	16.1429	0.0619
128	1270	121	660	7	83	114	577	16	224	22	353	83	83	5	5	0	0	12	10.67	16.2857	0.0614
128	1291	122	661	7	83	115	578	16	224	22	353	84	84	5	5	0	0	12	10.67	16.4286	0.0609
128	1304	123	662	7	83	116	579	16	224	22	353	85	85	5	5	0	0	12	10.67	16.5714	0.0603
128	1311	124	699	7	83	117	616	16	224	23	390	85	85	5	5	0	0	12	10.67	16.7143	0.0598
128	1319	125	700	7	83	118	617	16	224	23	390	86	86	5	5	0	0	12	10.67	16.8571	0.0593
128	1325	126	703	7	83	119	620	16	224	24	393	86	86	5	5	0	0	12	10.67	17.0000	0.0588
128	1339	127	704	7	83	120	621	16	224	24	393	87	87	5	5	0	0	12	10.67	17.1429	0.0583
128	1340	128	705	7	83	121	622	16	224	24	393	88	88	5	5	0	0	12	10.67	17.2857	0.0579
128	1344	129	706	7	83	122	623	16	224	24	393	89	89	5	5	0	0	12	10.67	17.4286	0.0574
128	1347	130	711	8	88	122	623	16	224	25	398	89	89	5	5	0	0	12	10.67	15.2500	0.0656
128	1358	131	712	8	88	123	624	16	224	25	398	90	90	5	5	0	0	13	9.85	15.3750	0.0650
128	1360	132	713	8	88	124	625	16	224	25	398	91	91	5	5	0	0	13	9.85	15.5000	0.0645
128	1362	133	718	9	93	124	625	17	229	25	398	91	91	5	5	0	0	13	9.85	13.7778	0.0726
128	1363	134	719	9	93	125	626	17	229	25	398	92	92	5	5	0	0	12	10.67	13.8889	0.0720
128	1364	135	720	9	93	126	627	17	229	25	398	93	93	5	5	0	0	12	10.67	14.0000	0.0714
128	1371	136	721	9	93	127	628	17	229	25	398	94	94	5	5	0	0	12	10.67	14.1111	0.0709
128	1374	137	722	9	93	128	629	17	229	25	398	95	95	5	5	0	0	12	10.67	14.2222	0.0703
128	1388	138	783	10	154	128	629	18	290	25	398	95	95	5	5	0	0	12	10.67	12.8000	0.0781
128	1400	139	784	10	154	129	630	18	290	25	398	96	96	5	5	0	0	12	10.67	12.9000	0.0775
128	1404	140	785	10	154	130	631	18	290	25	398	97	97	5	5	0	0	12	10.67	13.0000	0.0769
128	1407	141	791	10	154	131	637	19	296	25	398	97	97	5	5	0	0	12	10.67	13.1000	0.0763
128	1412	142	837	10	154	132	683	19	296	26	444	97	97	5	5	0	0	12	10.67	13.2000	0.0758
128	1428	142	837	10	154	132	683	19	296	26	444	97	97	6	6	0	0	12	10.67	13.2000	0.0758
128	1438	143	838	10	154	133	684	19	296	26	444	98	98	6	6	0	0	12	10.67	13.3000	0.0752
128	1439	144	839	10	154	134	685	19	296	26	444	99	99	6	6	0	0	12	10.67	13.4000	0.0746
128	1459	145	840	10	154	135	686	19	296	26	444	100	100	6	6	0	0	12	10.67	13.5000	0.0741
128	1466	146	844	11	158	135	686	19	296	27	448	100	100	6	6	0	0	12	10.67	12.2727	0.0815
128	1511	147	845	11	158	136	687	19	296	27	448	101	101	6	6	0	0	13	9.85	12.3636	0.0809
128	1513	148	846	11	158	137	688	19	296	27	448	102	102	6	6	0	0	13	9.85	12.4545	0.0803
128	1514	148	846	11	158	137	688	19	296	27	448	102	102	7	7	0	0	13	9.85	12.4545	0.0803
128	1515	149	850	12	162	137	688	19	296	28	452	102	102	7	7	0	0	13	9.85	11.4167	0.0876
128	1516	150	868	12	162	138	706	20	314	28	452	102	102	7	7	0	0	14	9.14	11.5000	0.0870
128	1530	151	876	12	162	139	714	20	314	29	460	102	102	7	7	0	0	14	9.14	11.5833	0.0863
128	1533	152	880	13	166	139	714	21	318	29	460	102	102	7	7	0	0	14	9.14	10.6923	0.0935
128	1538	153	881	13	166	140	715	21	318	29	460	103	103	7	7	0	0	13	9.85	10.7692	0.0929
128	1542	154	882	13	166	141	716	21	318	29	460	104	104	7	7	0	0	13	9.85	10.8462	0.0922
128	1549	155	920	13	166	142	754	21	318	30	498	104	104	7	7	0	0	13	9.85	10.9231	0.0915
128	1553	156	921	13	166	143	755	21	318	30	498	105	105	7	7	0	0	13	9.85	11.0000	0.0909
128	1557	157	922	13	166	144	756	21	318	30	498	106	106	7	7	0	0	13	9.85	11.0769	0.0903
128	1569	158	926	13	166	145	760	22	322	30	498	106	106	7	7	0	0	13	9.85	11.1538	0.0897
128	1579	159	927	13	166	146	761	22	322	30	498	107	107	7	7	0	0	13	9.85	11.2308	0.0890
128	1590	160	940	13	166	147	774	22	322	31	511	107	107	7	7	0	0	13	9.85	11.3077	0.0884
128	1607	161	941	13	166	148	775	22	322	31	511	108	108	7	7	0	0	13	9.85	11.3846	0.0878
128	1609	162	942	13	166	149	776	22	322	31	511	109	109	7	7	0	0	13	9.85	11.4615	0.0872
128	1619	163	943	13	166	150	777	22	322	31	511	110	110	7	7	0	0	13	9.85	11.5385	0.0867
128	1632	163	943	13	166	150	777	22	322	31	511	110	110	8	8	0	0	13	9.85	11.5385	0.0867
128	1633	164	944	13	166	151	778	22	322	31	511	111	111	8	8	0	0	13	9.85	11.6154	0.0861
128	1636	165	945	13	166	152	779	22	322	31	511	112	112	8	8	0	0	13	9.85	11.6923	0.0855
128	1641	166	983	13	166	153	817	23	360	31	511	112	112	8	8	0	0	13	9.85	11.7692	0.0850
128	1650	167	984	13	166	154	818	23	360	31	511	113	113	8	8	0	0	13	9.85	11.8462	0.0844
128	1656	168	988	14	170	154	818	23	360	32	515	113	113	8	8	0	0	13	9.85	11.0000	0.0909
128	1670	169	989	14	170	155	819	23	360	32	515	114	114	8	8	0	0	14	9.14	11.0714	0.0903
128	1683	170	990	14	170	156	820	23	360	32	515	115	115	8	8	0	0	14	9.14	11.1429	0.0897
128	1692	171	991	14	170	157	821	23	360	32	515	116	116	8	8	0	0	14	9.14	11.2143	0.0892
128	1694	172	996	14	170	158	826	24	365	32	515	116	116	8	8	0	0	14	9.14	11.2857	0.0886
128	1708	173	1001	15	175	158	826	25	370	32	515	116	116	8	8	0	0	14	9.14	10.5333	0.0949
128	1748	174	1002	15	175	159	827	25	370	32	515	117	117	8	8	0	0	13	9.85	10.6000	0.0943
128	1754	175	1003	15	175	160	828	25	370	32	515	118	118	8	8	0	0	13	9.85	10.6667	0.0938
128	1759	176	1004	15	175	161	829	25	370	32	515	119	119	8	8	0	0	13	9.85	10.7333	0.0932
128	1761	177	1005	15	175	162	830	25	370	32	515	120	120	8	8	0	0	13	9.85	10.8000	0.0926
128	1762	178	1006	15	175	163	831	25	370	32	515	121	121	8	8	0	0	13	9.85	10.8667	0.0920
128	1776	179	1007	15	175	164	832	25	370	32	515	122	122	8	8	0	0	13	9.85	10.9333	0.0915
128	1787	180	1008	15	175	165	833	25	370	32	515	123	123	8	8	0	0	13	9.85	11.0000	0.0909
128	1795	181	1009	15	175	166	834	25	370	32	515	124	124	8	8	0	0	13	9.85	11.0667	0.0904
128	1800	182	1010	15	175	167	835	25	370	32	515	125	125	8	8	0	0	13	9.85	11.1333	0.0898
128	1804	183	1011	15	175	168	836	25	370	32	515	126	126	8	8	0	0	13	9.85	11.2000	0.0893
128	1817	184	1012	15	175	169	837	25	370	32	515	127	127	8	8	0	0	13	9.85	11.2667	0.0888
128	1822	185	1013	15	175	170	838	25	370	32	515	128	128	8	8	0	0	13	9.85	11.3333	0.0882
128	1839	186	1014	15	175	171	839	25	370	32	515	129	129	8	8	0	0	13	9.85	11.4000	0.0877
128	1842	187	1015	15	175	172	840	25	370	32	515	130	130	8	8	0	0	13	9.85	11.4667	0.0872
128	1854	188	1018	15	175	173	843	26	373	32	515	130	130	8	8	0	0	13	9.85	11.5333	0.0867
128	1858	189	1072	15	175	174	897	27	427	32	515	130	130	8	8	0	0	13	9.85	11.6000	0.0862
128	1862	190	1077	15	175	175	902	28	432	32	515	130	130	8	8	0	0	13	9.85	11.6667	0.0857
128	1870	191	1078	15	175	176	903	28	432	32	515	131	131	8	8	0	0	13	9.85	11.7333	0.0852
128	1876	192	1086	15	175	177	911	28	432	33	523	131	131	8	8	0	0	13	9.85	11.8000	0.0847
128	1904	193	1087	15	175	178	912	28	432	33	523	132	132	8	8	0	0	13	9.85	11.8667	0.0843
128	1909	194	1138	16	226	178	912	28	432	34	574	132	132	8	8	0	0	13	9.85	11.1250	0.0899
128	1910	195	1144	16	226	179	918	28	432	35	580	132	132	8	8	0	0	13	9.85	11.1875	0.0894
128	1912	196	1162	16	226	180	936	28	432	36	598	132	132	8	8	0	0	13	9.85	11.2500	0.0889
128	1917	197	1163	16	226	181	937	28	432	36	598	133	133	8	8	0	0	13	9.85	11.3125	0.0884
128	1938	198	1164	16	226	182	938	28	432	36	598	134	134	8	8	0	0	13	9.85	11.3750	0.0879
128	1944	199	1165	16	226	183	939	28	432	36	598	135	135	8	8	0	0	13	9.85	11.4375	0.0874
128	1950	200	1166	16	226	184	940	28	432	36	598	136	136	8	8	0	0	13	9.85	11.5000	0.0870
128	1961	201	1167	16	226	185	941	28	432	36	598	137	137	8	8	0	0	13	9.85	11.5625	0.0865
128	1962	202	1208	16	226	186	982	29	473	36	598	137	137	8	8	0	0	13	9.85	11.6250	0.0860
128	1963	203	1209	16	226	187	983	29	473	36	598	138	138	8	8	0	0	13	9.85	11.6875	0.0856
128	1967	204	1210	16	226	188	984	29	473	36	598	139	139	8	8	0	0	13	9.85	11.7500	0.0851
128	1977	205	1211	16	226	189	985	29	473	36	598	140	140	8	8	0	0	13	9.85	11.8125	0.0847
128	1978	206	1249	17	264	189	985	30	511	36	598	140	140	8	8	0	0	13	9.85	11.1176	0.0899
128	1984	207	1250	17	264	190	986	30	511	36	598	141	141	8	8	0	0	12	10.67	11.1765	0.0895
128	1991	208	1251	17	264	191	987	30	511	36	598	142	142	8	8	0	0	12	10.67	11.2353	0.0890
128	1996	209	1252	17	264	192	988	30	511	36	598	143	143	8	8	0	0	12	10.67	11.2941	0.0885
128	1999	210	1253	17	264	193	989	30	511	36	598	144	144	8	8	0	0	12	10.67	11.3529	0.0881
128	2002	211	1254	17	264	194	990	30	511	36	598	145	145	8	8	0	0	12	10.67	11.4118	0.0876
128	2021	212	1306	17	264	195	1042	30	511	37	650	145	145	8	8	0	0	12	10.67	11.4706	0.0872
128	2026	213	1315	17	264	196	1051	31	520	37	650	145	145	8	8	0	0	12	10.67	11.5294	0.0867
128	2032	214	1328	17	264	197	1064	32	533	37	650	145	145	8	8	0	0	12	10.67	11.5882	0.0863
128	2043	215	1329	17	264	198	1065	32	533	37	650	146	146	8	8	0	0	12	10.67	11.6471	0.0859
128	2045	216	1330	17	264	199	1066	32	533	37	650	147	147	8	8	0	0	12	10.67	11.7059	0.0854
128	2051	217	1331	17	264	200	1067	32	533	37	650	148	148	8	8	0	0	12	10.67	11.7647	0.0850
128	2063	218	1332	17	264	201	1068	32	533	37	650	149	149	8	8	0	0	12	10.67	11.8235	0.0846
128	2069	219	1333	17	264	202	1069	32	533	37	650	150	150	8	8	0	0	12	10.67	11.8824	0.0842
128	2075	220	1334	17	264	203	1070	32	533	37	650	151	151	8	8	0	0	12	10.67	11.9412	0.0837
128	2096	220	1334	17	264	203	1070	32	533	37	650	151	151	9	9	0	0	12	10.67	11.9412	0.0837
128	2115	221	1340	17	264	204	1076	33	539	37	650	151	151	9	9	0	0	12	10.67	12.0000	0.0833
128	2126	222	1341	17	264	205	1077	33	539	37	650	152	152	9	9	0	0	12	10.67	12.0588	0.0829
128	2139	223	1349	17	264	206	1085	34	547	37	650	152	152	9	9	0	0	12	10.67	12.1176	0.0825
128	2148	224	1350	17	264	207	1086	34	547	37	650	153	153	9	9	0	0	12	10.67	12.1765	0.0821
128	2164	225	1351	17	264	208	1087	34	547	37	650	154	154	9	9	0	0	12	10.67	12.2353	0.0817
128	2167	226	1362	18	275	208	1087	34	547	38	661	154	154	9	9	0	0	12	10.67	11.5556	0.0865
128	2173	227	1363	18	275	209	1088	34	547	38	661	155	155	9	9	0	0	13	9.85	11.6111	0.0861
128	2179	228	1364	18	275	210	1089	34	547	38	661	156	156	9	9	0	0	13	9.85	11.6667	0.0857
128	2188	229	1365	18	275	211	1090	34	547	38	661	157	157	9	9	0	0	13	9.85	11.7222	0.0853
128	2203	230	1366	18	275	212	1091	34	547	38	661	158	158	9	9	0	0	13	9.85	11.7778	0.0849
128	2209	231	1390	18	275	213	1115	35	571	38	661	158	158	9	9	0	0	13	9.85	11.8333	0.0845
128	2229	232	1391	18	275	214	1116	35	571	38	661	159	159	9	9	0	0	13	9.85	11.8889	0.0841
128	2234	233	1447	19	331	214	1116	35	571	39	717	159	159	9	9	0	0	13	9.85	11.2632	0.0888
128	2239	234	1448	19	331	215	1117	35	571	39	717	160	160	9	9	0	0	14	9.14	11.3158	0.0884
128	2240	235	1449	19	331	216	1118	35	571	39	717	161	161	9	9	0	0	14	9.14	11.3684	0.0880
128	2242	236	1450	19	331	217	1119	35	571	39	717	162	162	9	9	0	0	14	9.14	11.4211	0.0876
128	2245	237	1451	19	331	218	1120	35	571	39	717	163	163	9	9	0	0	14	9.14	11.4737	0.0872
128	2257	238	1452	19	331	219	1121	35	571	39	717	164	164	9	9	0	0	14	9.14	11.5263	0.0868
128	2262	239	1453	19	331	220	1122	35	571	39	717	165	165	9	9	0	0	14	9.14	11.5789	0.0864
128	2271	240	1454	19	331	221	1123	35	571	39	717	166	166	9	9	0	0	14	9.14	11.6316	0.0860
128	2272	241	1455	19	331	222	1124	35	571	39	717	167	167	9	9	0	0	14	9.14	11.6842	0.0856
128	2274	242	1465	20	341	222	1124	35	571	40	727	167	167	9	9	0	0	14	9.14	11.1000	0.0901
128	2285	243	1466	20	341	223	1125	35	571	40	727	168	168	9	9	0	0	15	8.53	11.1500	0.0897
128	2308	244	1467	20	341	224	1126	35	571	40	727	169	169	9	9	0	0	15	8.53	11.2000	0.0893
128	2309	245	1468	20	341	225	1127	35	571	40	727	170	170	9	9	0	0	15	8.53	11.2500	0.0889
128	2323	246	1469	20	341	226	1128	35	571	40	727	171	171	9	9	0	0	15	8.53	11.3000	0.0885
128	2330	247	1477	20	341	227	1136	36	579	40	727	171	171	9	9	0	0	15	8.53	11.3500	0.0881
128	2333	248	1478	20	341	228	1137	36	579	40	727	172	172	9	9	0	0	15	8.53	11.4000	0.0877
128	2336	249	1479	20	341	229	1138	36	579	40	727	173	173	9	9	0	0	15	8.53	11.4500	0.0873
128	2343	250	1491	20	341	230	1150	37	591	40	727	173	173	9	9	0	0	15	8.53	11.5000	0.0870
128	2371	251	1497	20	341	231	1156	38	597	40	727	173	173	9	9	0	0	15	8.53	11.5500	0.0866
128	2372	252	1498	20	341	232	1157	38	597	40	727	174	174	9	9	0	0	15	8.53	11.6000	0.0862
128	2374	253	1499	20	341	233	1158	38	597	40	727	175	175	9	9	0	0	15	8.53	11.6500	0.0858
128	2401	255	1501	20	341	235	1160	38	597	40	727	177	177	9	9	0	0	15	8.53	11.7500	0.0851
128	2421	256	1502	20	341	236	1161	38	597	40	727	178	178	9	9	0	0	15	8.53	11.8000	0.0847
128	2430	257	1503	20	341	237	1162	38	597	40	727	179	179	9	9	0	0	15	8.53	11.8500	0.0844
128	2435	258	1504	20	341	238	1163	38	597	40	727	180	180	9	9	0	0	15	8.53	11.9000	0.0840
128	2445	259	1505	20	341	239	1164	38	597	40	727	181	181	9	9	0	0	15	8.53	11.9500	0.0837
128	2455	260	1522	20	341	240	1181	38	597	41	744	181	181	9	9	0	0	15	8.53	12.0000	0.0833
128	2459	261	1535	20	341	241	1194	38	597	42	757	181	181	9	9	0	0	15	8.53	12.0500	0.0830
128	2461	262	1541	20	341	242	1200	39	603	42	757	181	181	9	9	0	0	15	8.53	12.1000	0.0826
128	2464	263	1542	20	341	243	1201	39	603	42	757	182	182	9	9	0	0	15	8.53	12.1500	0.0823
128	2468	264	1553	20	341	244	1212	40	614	42	757	182	182	9	9	0	0	15	8.53	12.2000	0.0820
128	2473	265	1567	20	341	245	1226	40	614	43	771	182	182	9	9	0	0	15	8.53	12.2500	0.0816
128	2486	266	1568	20	341	246	1227	40	614	43	771	183	183	9	9	0	0	15	8.53	12.3000	0.0813
128	2504	267	1591	20	341	247	1250	40	614	44	794	183	183	9	9	0	0	15	8.53	12.3500	0.0810
128	2518	268	1592	20	341	248	1251	40	614	44	794	184	184	9	9	0	0	15	8.53	12.4000	0.0806
128	2520	269	1593	20	341	249	1252	40	614	44	794	185	185	9	9	0	0	15	8.53	12.4500	0.0803
128	2536	270	1594	20	341	250	1253	40	614	44	794	186	186	9	9	0	0	15	8.53	12.5000	0.0800
128	2540	271	1595	20	341	251	1254	40	614	44	794	187	187	9	9	0	0	15	8.53	12.5500	0.0797
128	2553	272	1596	20	341	252	1255	40	614	44	794	188	188	9	9	0	0	15	8.53	12.6000	0.0794
128	2560	273	1597	21	342	252	1255	40	614	44	794	189	189	9	9	0	0	15	8.53	12.0000	0.0833
128	2587	274	1636	22	381	252	1255	40	614	45	833	189	189	9	9	0	0	16	8.00	11.4545	0.0873
128	2593	275	1637	22	381	253	1256	40	614	45	833	190	190	9	9	0	0	17	7.53	11.5000	0.0870
128	2594	276	1647	23	391	253	1256	40	614	46	843	190	190	9	9	0	0	17	7.53	11.0000	0.0909
128	2617	277	1648	23	391	254	1257	40	614	46	843	191	191	9	9	0	0	18	7.11	11.0435	0.0906
128	2620	278	1652	23	391	255	1261	41	618	46	843	191	191	9	9	0	0	18	7.11	11.0870	0.0902
128	2631	279	1653	23	391	256	1262	41	618	46	843	192	192	9	9	0	0	18	7.11	11.1304	0.0898
128	2655	280	1654	23	391	257	1263	41	618	46	843	193	193	9	9	0	0	18	7.11	11.1739	0.0895
128	2658	281	1655	23	391	258	1264	41	618	46	843	194	194	9	9	0	0	18	7.11	11.2174	0.0891
128	2661	282	1678	24	414	258	1264	41	618	47	866	194	194	9	9	0	0	18	7.11	10.7500	0.0930
128	2675	283	1679	24	414	259	1265	41	618	47	866	195	195	9	9	0	0	18	7.11	10.7917	0.0927
128	2676	284	1702	24	414	260	1288	41	618	48	889	195	195	9	9	0	0	18	7.11	10.8333	0.0923
128	2677	285	1703	24	414	261	1289	41	618	48	889	196	196	9	9	0	0	18	7.11	10.8750	0.0920
128	2682	286	1719	24	414	262	1305	42	634	48	889	196	196	9	9	0	0	18	7.11	10.9167	0.0916
128	2687	287	1720	24	414	263	1306	42	634	48	889	197	197	9	9	0	0	18	7.11	10.9583	0.0913
128	2703	288	1742	25	436	263	1306	42	634	49	911	197	197	9	9	0	0	18	7.11	10.5200	0.0951
128	2704	289	1747	25	436	264	1311	43	639	49	911	197	197	9	9	0	0	18	7.11	10.5600	0.0947
128	2705	290	1748	25	436	265	1312	43	639	49	911	198	198	9	9	0	0	18	7.11	10.6000	0.0943
128	2709	291	1749	25	436	266	1313	43	639	49	911	199	199	9	9	0	0	18	7.11	10.6400	0.0940
128	2711	292	1750	25	436	267	1314	43	639	49	911	200	200	9	9	0	0	18	7.11	10.6800	0.0936
128	2715	293	1751	25	436	268	1315	43	639	49	911	201	201	9	9	0	0	18	7.11	10.7200	0.0933
128	2716	294	1759	25	436	269	1323	43	639	50	919	201	201	9	9	0	0	18	7.11	10.7600	0.0929
128	2721	295	1760	25	436	270	1324	43	639	50	919	202	202	9	9	0	0	18	7.11	10.8000	0.0926
128	2724	296	1766	25	436	271	1330	44	645	50	919	202	202	9	9	0	0	18	7.11	10.8400	0.0923
128	2756	297	1767	25	436	272	1331	44	645	50	919	203	203	9	9	0	0	18	7.11	10.8800	0.0919
128	2758	298	1768	25	436	273	1332	44	645	50	919	204	204	9	9	0	0	18	7.11	10.9200	0.0916
128	2774	299	1769	25	436	274	1333	44	645	50	919	205	205	9	9	0	0	18	7.11	10.9600	0.0912
128	2776	300	1770	25	436	275	1334	44	645	50	919	206	206	9	9	0	0	18	7.11	11.0000	0.0909
128	2796	301	1771	25	436	276	1335	44	645	50	919	207	207	9	9	0	0	18	7.11	11.0400	0.0906
128	2828	302	1772	25	436	277	1336	44	645	50	919	208	208	9	9	0	0	18	7.11	11.0800	0.0903
128	2844	303	1773	25	436	278	1337	44	645	50	919	209	209	9	9	0	0	18	7.11	11.1200	0.0899
128	2853	304	1774	25	436	279	1338	44	645	50	919	210	210	9	9	0	0	18	7.11	11.1600	0.0896
128	2856	305	1778	26	440	279	1338	45	649	50	919	210	210	9	9	0	0	18	7.11	10.7308	0.0932
128	2865	306	1839	27	501	279	1338	46	710	50	919	210	210	9	9	0	0	17	7.53	10.3333	0.0968
128	2874	307	1840	27	501	280	1339	46	710	50	919	211	211	9	9	0	0	16	8.00	10.3704	0.0964
128	2878	308	1848	27	501	281	1347	47	718	50	919	211	211	9	9	0	0	16	8.00	10.4074	0.0961
128	2882	309	1849	27	501	282	1348	47	718	50	919	212	212	9	9	0	0	16	8.00	10.4444	0.0957
128	2884	310	1850	27	501	283	1349	47	718	50	919	213	213	9	9	0	0	16	8.00	10.4815	0.0954
128	2887	311	1854	28	505	283	1349	47	718	51	923	213	213	9	9	0	0	16	8.00	10.1071	0.0989
128	2895	312	1855	28	505	284	1350	47	718	51	923	214	214	9	9	0	0	17	7.53	10.1429	0.0986
128	2899	313	1859	29	509	284	1350	48	722	51	923	214	214	9	9	0	0	17	7.53	9.7931	0.1021
128	2910	314	1860	29	509	285	1351	48	722	51	923	215	215	9	9	0	0	16	8.00	9.8276	0.1018
128	2915	315	1882	29	509	286	1373	49	744	51	923	215	215	9	9	0	0	16	8.00	9.8621	0.1014
128	2917	316	1905	30	532	286	1373	50	767	51	923	215	215	9	9	0	0	16	8.00	9.5333	0.1049
128	2939	317	1906	30	532	287	1374	50	767	51	923	216	216	9	9	0	0	15	8.53	9.5667	0.1045
128	2942	318	1907	30	532	288	1375	50	767	51	923	217	217	9	9	0	0	15	8.53	9.6000	0.1042
128	2947	319	1908	30	532	289	1376	50	767	51	923	218	218	9	9	0	0	15	8.53	9.6333	0.1038
128	2960	320	1909	30	532	290	1377	50	767	51	923	219	219	9	9	0	0	15	8.53	9.6667	0.1034
128	2962	321	1910	30	532	291	1378	50	767	51	923	220	220	9	9	0	0	15	8.53	9.7000	0.1031
128	2966	322	1918	30	532	292	1386	50	767	52	931	220	220	9	9	0	0	15	8.53	9.7333	0.1027
128	2968	323	1922	30	532	293	1390	50	767	53	935	220	220	9	9	0	0	15	8.53	9.7667	0.1024
128	2974	324	1923	30	532	294	1391	50	767	53	935	221	221	9	9	0	0	15	8.53	9.8000	0.1020
128	2978	325	1924	30	532	295	1392	50	767	53	935	222	222	9	9	0	0	15	8.53	9.8333	0.1017
128	2979	326	1925	30	532	296	1393	50	767	53	935	223	223	9	9	0	0	15	8.53	9.8667	0.1014
128	2980	327	1926	30	532	297	1394	50	767	53	935	224	224	9	9	0	0	15	8.53	9.9000	0.1010
128	2981	328	1927	30	532	298	1395	50	767	53	935	225	225	9	9	0	0	15	8.53	9.9333	0.1007
128	2982	329	1950	31	555	298	1395	51	790	53	935	225	225	9	9	0	0	15	8.53	9.6129	0.1040
128	2987	330	1951	31	555	299	1396	51	790	53	935	226	226	9	9	0	0	14	9.14	9.6452	0.1037
128	2991	331	1952	31	555	300	1397	51	790	53	935	227	227	9	9	0	0	14	9.14	9.6774	0.1033
128	3002	332	1974	31	555	301	1419	51	790	54	957	227	227	9	9	0	0	14	9.14	9.7097	0.1030
128	3008	333	1975	31	555	302	1420	51	790	54	957	228	228	9	9	0	0	14	9.14	9.7419	0.1026
128	3013	334	1997	31	555	303	1442	52	812	54	957	228	228	9	9	0	0	14	9.14	9.7742	0.1023
128	3033	335	1998	31	555	304	1443	52	812	54	957	229	229	9	9	0	0	14	9.14	9.8065	0.1020
128	3034	336	2002	32	559	304	1443	53	816	54	957	229	229	9	9	0	0	14	9.14	9.5000	0.1053
128	3049	337	2003	32	559	305	1444	53	816	54	957	230	230	9	9	0	0	13	9.85	9.5313	0.1049
128	3051	338	2004	32	559	306	1445	53	816	54	957	231	231	9	9	0	0	13	9.85	9.5625	0.1046
128	3053	339	2005	32	559	307	1446	53	816	54	957	232	232	9	9	0	0	13	9.85	9.5938	0.1042
128	3054	340	2006	32	559	308	1447	53	816	54	957	233	233	9	9	0	0	13	9.85	9.6250	0.1039
128	3061	341	2007	32	559	309	1448	53	816	54	957	234	234	9	9	0	0	13	9.85	9.6563	0.1036
128	3074	342	2008	32	559	310	1449	53	816	54	957	235	235	9	9	0	0	13	9.85	9.6875	0.1032
128	3111	343	2009	32	559	311	1450	53	816	54	957	236	236	9	9	0	0	13	9.85	9.7188	0.1029
128	3120	344	2010	32	559	312	1451	53	816	54	957	237	237	9	9	0	0	13	9.85	9.7500	0.1026
128	3123	345	2011	32	559	313	1452	53	816	54	957	238	238	9	9	0	0	13	9.85	9.7813	0.1022
128	3128	346	2014	32	559	314	1455	53	816	55	960	238	238	9	9	0	0	13	9.85	9.8125	0.1019
128	3133	347	2015	32	559	315	1456	53	816	55	960	239	239	9	9	0	0	13	9.85	9.8438	0.1016
128	3138	348	2027	32	559	316	1468	54	828	55	960	239	239	9	9	0	0	13	9.85	9.8750	0.1013
128	3142	349	2028	32	559	317	1469	54	828	55	960	240	240	9	9	0	0	13	9.85	9.9063	0.1009
128	3143	350	2029	32	559	318	1470	54	828	55	960	241	241	9	9	0	0	13	9.85	9.9375	0.1006
128	3148	351	2030	32	559	319	1471	54	828	55	960	242	242	9	9	0	0	13	9.85	9.9688	0.1003
128	3161	352	2031	32	559	320	1472	54	828	55	960	243	243	9	9	0	0	13	9.85	10.0000	0.1000
128	3163	353	2032	32	559	321	1473	54	828	55	960	244	244	9	9	0	0	13	9.85	10.0313	0.0997
128	3164	354	2033	32	559	322	1474	54	828	55	960	245	245	9	9	0	0	13	9.85	10.0625	0.0994
128	3185	355	2034	32	559	323	1475	54	828	55	960	246	246	9	9	0	0	13	9.85	10.0938	0.0991
128	3190	356	2041	32	559	324	1482	54	828	56	967	246	246	9	9	0	0	13	9.85	10.1250	0.0988
128	3202	357	2047	32	559	325	1488	54	828	57	973	246	246	9	9	0	0	13	9.85	10.1563	0.0985
128	3205	358	2048	32	559	326	1489	54	828	57	973	247	247	9	9	0	0	13	9.85	10.1875	0.0982
128	3230	359	2049	32	559	327	1490	54	828	57	973	248	248	9	9	0	0	13	9.85	10.2188	0.0979
128	3233	360	2095	33	605	327	1490	54	828	58	1019	248	248	9	9	0	0	13	9.85	9.9091	0.1009
128	3240	361	2096	33	605	328	1491	54	828	58	1019	249	249	9	9	0	0	14	9.14	9.9394	0.1006
128	3243	362	2109	33	605	329	1504	55	841	58	1019	249	249	9	9	0	0	14	9.14	9.9697	0.1003
128	3247	363	2110	33	605	330	1505	55	841	58	1019	250	250	9	9	0	0	14	9.14	10.0000	0.1000
128	3259	364	2111	33	605	331	1506	55	841	58	1019	251	251	9	9	0	0	14	9.14	10.0303	0.0997
128	3262	365	2115	33	605	332	1510	55	841	59	1023	251	251	9	9	0	0	14	9.14	10.0606	0.0994
128	3264	366	2116	33	605	333	1511	55	841	59	1023	252	252	9	9	0	0	14	9.14	10.0909	0.0991
128	3265	367	2117	33	605	334	1512	55	841	59	1023	253	253	9	9	0	0	14	9.14	10.1212	0.0988
128	3268	368	2123	33	605	335	1518	56	847	59	1023	253	253	9	9	0	0	14	9.14	10.1515	0.0985
128	3271	369	2136	33	605	336	1531	56	847	60	1036	253	253	9	9	0	0	14	9.14	10.1818	0.0982
128	3279	370	2137	33	605	337	1532	56	847	60	1036	254	254	9	9	0	0	14	9.14	10.2121	0.0979
128	3315	371	2138	33	605	338	1533	56	847	60	1036	255	255	9	9	0	0	14	9.14	10.2424	0.0976
128	3332	372	2139	33	605	339	1534	56	847	60	1036	256	256	9	9	0	0	14	9.14	10.2727	0.0973
128	3336	373	2140	33	605	340	1535	56	847	60	1036	257	257	9	9	0	0	14	9.14	10.3030	0.0971
128	3344	374	2141	33	605	341	1536	56	847	60	1036	258	258	9	9	0	0	14	9.14	10.3333	0.0968
128	3353	375	2160	33	605	342	1555	56	847	61	1055	258	258	9	9	0	0	14	9.14	10.3636	0.0965
128	3355	376	2161	33	605	343	1556	56	847	61	1055	259	259	9	9	0	0	14	9.14	10.3939	0.0962
128	3356	377	2170	33	605	344	1565	56	847	62	1064	259	259	9	9	0	0	14	9.14	10.4242	0.0959
128	3373	378	2187	33	605	345	1582	57	864	62	1064	259	259	9	9	0	0	14	9.14	10.4545	0.0957
128	3378	379	2195	34	613	345	1582	58	872	62	1064	259	259	9	9	0	0	14	9.14	10.1471	0.0986
128	3396	380	2196	34	613	346	1583	58	872	62	1064	260	260	9	9	0	0	13	9.85	10.1765	0.0983
128	3407	381	2197	34	613	347	1584	58	872	62	1064	261	261	9	9	0	0	13	9.85	10.2059	0.0980
128	3412	382	2198	34	613	348	1585	58	872	62	1064	262	262	9	9	0	0	13	9.85	10.2353	0.0977
128	3429	383	2199	34	613	349	1586	58	872	62	1064	263	263	9	9	0	0	13	9.85	10.2647	0.0974
128	3453	384	2203	34	613	350	1590	58	872	63	1068	263	263	9	9	0	0	13	9.85	10.2941	0.0971
128	3454	385	2204	34	613	351	1591	58	872	63	1068	264	264	9	9	0	0	13	9.85	10.3235	0.0969
128	3462	386	2205	34	613	352	1592	58	872	63	1068	265	265	9	9	0	0	13	9.85	10.3529	0.0966
128	3467	387	2206	34	613	353	1593	58	872	63	1068	266	266	9	9	0	0	13	9.85	10.3824	0.0963
128	3471	388	2207	34	613	354	1594	58	872	63	1068	267	267	9	9	0	0	13	9.85	10.4118	0.0960
128	3475	389	2208	34	613	355	1595	58	872	63	1068	268	268	9	9	0	0	13	9.85	10.4412	0.0958
128	3478	390	2209	34	613	356	1596	58	872	63	1068	269	269	9	9	0	0	13	9.85	10.4706	0.0955
128	3479	390	2209	34	613	356	1596	58	872	63	1068	269	269	10	10	0	0	13	9.85	10.4706	0.0955
128	3484	391	2210	34	613	357	1597	58	872	63	1068	270	270	10	10	0	0	13	9.85	10.5000	0.0952
128	3487	392	2217	34	613	358	1604	58	872	64	1075	270	270	10	10	0	0	13	9.85	10.5294	0.0950
128	3493	393	2222	34	613	359	1609	59	877	64	1075	270	270	10	10	0	0	13	9.85	10.5588	0.0947
128	3494	394	2226	34	613	360	1613	59	877	65	1079	270	270	10	10	0	0	13	9.85	10.5882	0.0944
128	3496	395	2241	34	613	361	1628	60	892	65	1079	270	270	10	10	0	0	13	9.85	10.6176	0.0942
128	3503	396	2246	34	613	362	1633	60	892	66	1084	270	270	10	10	0	0	13	9.85	10.6471	0.0939
128	3513	397	2251	34	613	363	1638	60	892	67	1089	270	270	10	10	0	0	13	9.85	10.6765	0.0937
128	3514	398	2252	34	613	364	1639	60	892	67	1089	271	271	10	10	0	0	13	9.85	10.7059	0.0934
128	3516	399	2300	34	613	365	1687	61	940	67	1089	271	271	10	10	0	0	13	9.85	10.7353	0.0932
128	3518	400	2301	34	613	366	1688	61	940	67	1089	272	272	10	10	0	0	13	9.85	10.7647	0.0929
128	3521	401	2302	34	613	367	1689	61	940	67	1089	273	273	10	10	0	0	13	9.85	10.7941	0.0926
128	3527	402	2309	34	613	368	1696	61	940	68	1096	273	273	10	10	0	0	13	9.85	10.8235	0.0924
128	3536	403	2310	34	613	369	1697	61	940	68	1096	274	274	10	10	0	0	13	9.85	10.8529	0.0921
128	3538	405	2312	34	613	371	1699	61	940	68	1096	276	276	10	10	0	0	13	9.85	10.9118	0.0916
128	3540	406	2313	34	613	372	1700	61	940	68	1096	277	277	10	10	0	0	13	9.85	10.9412	0.0914
128	3543	407	2318	34	613	373	1705	62	945	68	1096	277	277	10	10	0	0	13	9.85	10.9706	0.0912
128	3548	408	2319	34	613	374	1706	62	945	68	1096	278	278	10	10	0	0	13	9.85	11.0000	0.0909
128	3552	409	2354	34	613	375	1741	63	980	68	1096	278	278	10	10	0	0	13	9.85	11.0294	0.0907
128	3561	410	2355	34	613	376	1742	63	980	68	1096	279	279	10	10	0	0	13	9.85	11.0588	0.0904
128	3565	411	2356	34	613	377	1743	63	980	68	1096	280	280	10	10	0	0	13	9.85	11.0882	0.0902
128	3572	411	2356	34	613	377	1743	63	980	68	1096	280	280	11	11	0	0	13	9.85	11.0882	0.0902
128	3593	412	2368	34	613	378	1755	63	980	69	1108	280	280	11	11	0	0	13	9.85	11.1176	0.0899
128	3602	413	2369	34	613	379	1756	63	980	69	1108	281	281	11	11	0	0	13	9.85	11.1471	0.0897
128	3612	414	2370	34	613	380	1757	63	980	69	1108	282	282	11	11	0	0	13	9.85	11.1765	0.0895
128	3623	415	2376	35	619	380	1757	64	986	69	1108	282	282	11	11	0	0	13	9.85	10.8571	0.0921
128	3634	416	2377	35	619	381	1758	64	986	69	1108	283	283	11	11	0	0	13	9.85	10.8857	0.0919
128	3651	417	2378	35	619	382	1759	64	986	69	1108	284	284	11	11	0	0	13	9.85	10.9143	0.0916
128	3652	419	2380	35	619	384	1761	64	986	69	1108	286	286	11	11	0	0	13	9.85	10.9714	0.0911
128	3666	420	2381	35	619	385	1762	64	986	69	1108	287	287	11	11	0	0	13	9.85	11.0000	0.0909
128	3668	421	2382	35	619	386	1763	64	986	69	1108	288	288	11	11	0	0	13	9.85	11.0286	0.0907
128	3675	422	2383	35	619	387	1764	64	986	69	1108	289	289	11	11	0	0	13	9.85	11.0571	0.0904
128	3679	423	2384	35	619	388	1765	64	986	69	1108	290	290	11	11	0	0	13	9.85	11.0857	0.0902
128	3686	424	2385	35	619	389	1766	64	986	69	1108	291	291	11	11	0	0	13	9.85	11.1143	0.0900
128	3690	425	2392	35	619	390	1773	64	986	70	1115	291	291	11	11	0	0	13	9.85	11.1429	0.0897
128	3696	426	2411	35	619	391	1792	65	1005	70	1115	291	291	11	11	0	0	13	9.85	11.1714	0.0895
128	3719	427	2412	35	619	392	1793	65	1005	70	1115	292	292	11	11	0	0	13	9.85	11.2000	0.0893
128	3726	428	2413	35	619	393	1794	65	1005	70	1115	293	293	11	11	0	0	13	9.85	11.2286	0.0891
128	3733	429	2414	35	619	394	1795	65	1005	70	1115	294	294	11	11	0	0	13	9.85	11.2571	0.0888
128	3743	430	2415	35	619	395	1796	65	1005	70	1115	295	295	11	11	0	0	13	9.85	11.2857	0.0886
128	3757	431	2416	35	619	396	1797	65	1005	70	1115	296	296	11	11	0	0	13	9.85	11.3143	0.0884
128	3765	432	2417	35	619	397	1798	65	1005	70	1115	297	297	11	11	0	0	13	9.85	11.3429	0.0882
128	3781	433	2423	35	619	398	1804	66	1011	70	1115	297	297	11	11	0	0	13	9.85	11.3714	0.0879
128	3791	434	2424	35	619	399	1805	66	1011	70	1115	298	298	11	11	0	0	13	9.85	11.4000	0.0877
128	3792	434	2424	35	619	399	1805	66	1011	70	1115	298	298	12	12	0	0	13	9.85	11.4000	0.0877
128	3803	435	2429	35	619	400	1810	67	1016	70	1115	298	298	12	12	0	0	13	9.85	11.4286	0.0875
128	3807	436	2432	35	619	401	1813	67	1016	71	1118	298	298	12	12	0	0	13	9.85	11.4571	0.0873
128	3813	437	2436	35	619	402	1817	67	1016	72	1122	298	298	12	12	0	0	13	9.85	11.4857	0.0871
128	3834	438	2437	35	619	403	1818	67	1016	72	1122	299	299	12	12	0	0	13	9.85	11.5143	0.0868
128	3836	439	2438	35	619	404	1819	67	1016	72	1122	300	300	12	12	0	0	13	9.85	11.5429	0.0866
128	3841	440	2477	35	619	405	1858	67	1016	73	1161	300	300	12	12	0	0	13	9.85	11.5714	0.0864
128	3844	441	2478	35	619	406	1859	67	1016	73	1161	301	301	12	12	0	0	13	9.85	11.6000	0.0862
128	3847	442	2482	35	619	407	1863	68	1020	73	1161	301	301	12	12	0	0	13	9.85	11.6286	0.0860
128	3848	443	2532	35	619	408	1913	68	1020	74	1211	301	301	12	12	0	0	13	9.85	11.6571	0.0858
128	3851	444	2533	35	619	409	1914	68	1020	74	1211	302	302	12	12	0	0	13	9.85	11.6857	0.0856
128	3853	445	2534	35	619	410	1915	68	1020	74	1211	303	303	12	12	0	0	13	9.85	11.7143	0.0854
128	3854	446	2535	35	619	411	1916	68	1020	74	1211	304	304	12	12	0	0	13	9.85	11.7429	0.0852
128	3858	448	2537	35	619	413	1918	68	1020	74	1211	306	306	12	12	0	0	13	9.85	11.8000	0.0847
128	3860	449	2538	35	619	414	1919	68	1020	74	1211	307	307	12	12	0	0	13	9.85	11.8286	0.0845
128	3862	450	2539	35	619	415	1920	68	1020	74	1211	308	308	12	12	0	0	13	9.85	11.8571	0.0843
128	3863	451	2540	35	619	416	1921	68	1020	74	1211	309	309	12	12	0	0	13	9.85	11.8857	0.0841
128	3865	452	2543	35	619	417	1924	68	1020	75	1214	309	309	12	12	0	0	13	9.85	11.9143	0.0839
128	3870	453	2544	35	619	418	1925	68	1020	75	1214	310	310	12	12	0	0	13	9.85	11.9429	0.0837
128	3872	454	2545	35	619	419	1926	68	1020	75	1214	311	311	12	12	0	0	13	9.85	11.9714	0.0835
128	3873	455	2595	35	619	420	1976	69	1070	75	1214	311	311	12	12	0	0	13	9.85	12.0000	0.0833
128	3876	456	2596	35	619	421	1977	69	1070	75	1214	312	312	12	12	0	0	13	9.85	12.0286	0.0831
128	3885	457	2609	35	619	422	1990	69	1070	76	1227	312	312	12	12	0	0	13	9.85	12.0571	0.0829
128	3887	458	2610	35	619	423	1991	69	1070	76	1227	313	313	12	12	0	0	13	9.85	12.0857	0.0827
128	3890	459	2611	35	619	424	1992	69	1070	76	1227	314	314	12	12	0	0	13	9.85	12.1143	0.0825
128	3893	460	2617	36	625	424	1992	69	1070	77	1233	314	314	12	12	0	0	13	9.85	11.7778	0.0849
128	3906	461	2618	36	625	425	1993	69	1070	77	1233	315	315	12	12	0	0	14	9.14	11.8056	0.0847
128	3909	462	2619	36	625	426	1994	69	1070	77	1233	316	316	12	12	0	0	14	9.14	11.8333	0.0845
128	3912	463	2620	36	625	427	1995	69	1070	77	1233	317	317	12	12	0	0	14	9.14	11.8611	0.0843
128	3922	464	2621	36	625	428	1996	69	1070	77	1233	318	318	12	12	0	0	14	9.14	11.8889	0.0841
128	3933	465	2622	36	625	429	1997	69	1070	77	1233	319	319	12	12	0	0	14	9.14	11.9167	0.0839
128	3943	466	2681	37	684	429	1997	69	1070	78	1292	319	319	12	12	0	0	14	9.14	11.5946	0.0862
128	3952	467	2687	37	684	430	2003	69	1070	79	1298	319	319	12	12	0	0	15	8.53	11.6216	0.0860
128	3956	468	2696	37	684	431	2012	70	1079	79	1298	319	319	12	12	0	0	15	8.53	11.6486	0.0858
128	3960	469	2709	37	684	432	2025	70	1079	80	1311	319	319	12	12	0	0	15	8.53	11.6757	0.0856
128	3961	470	2772	38	747	432	2025	71	1142	80	1311	319	319	12	12	0	0	15	8.53	11.3684	0.0880
128	3966	471	2778	39	753	432	2025	71	1142	81	1317	319	319	12	12	0	0	15	8.53	11.0769	0.0903
128	3971	472	2783	39	753	433	2030	72	1147	81	1317	319	319	12	12	0	0	16	8.00	11.1026	0.0901
128	3976	473	2784	39	753	434	2031	72	1147	81	1317	320	320	12	12	0	0	16	8.00	11.1282	0.0899
128	3980	474	2785	40	754	434	2031	72	1147	81	1317	321	321	12	12	0	0	16	8.00	10.8500	0.0922
128	3986	475	2786	40	754	435	2032	72	1147	81	1317	322	322	12	12	0	0	15	8.53	10.8750	0.0920
128	3987	476	2787	40	754	436	2033	72	1147	81	1317	323	323	12	12	0	0	15	8.53	10.9000	0.0917
128	3996	477	2788	40	754	437	2034	72	1147	81	1317	324	324	12	12	0	0	15	8.53	10.9250	0.0915
128	4029	478	2789	40	754	438	2035	72	1147	81	1317	325	325	12	12	0	0	15	8.53	10.9500	0.0913
128	4032	479	2841	40	754	439	2087	72	1147	82	1369	325	325	12	12	0	0	15	8.53	10.9750	0.0911
128	4048	480	2842	40	754	440	2088	72	1147	82	1369	326	326	12	12	0	0	15	8.53	11.0000	0.0909
128	4057	481	2861	40	754	441	2107	73	1166	82	1369	326	326	12	12	0	0	15	8.53	11.0250	0.0907
128	4063	482	2865	40	754	442	2111	73	1166	83	1373	326	326	12	12	0	0	15	8.53	11.0500	0.0905
128	4068	483	2923	41	812	442	2111	74	1224	83	1373	326	326	12	12	0	0	15	8.53	10.7805	0.0928
128	4072	484	2924	41	812	443	2112	74	1224	83	1373	327	327	12	12	0	0	14	9.14	10.8049	0.0926
128	4074	485	2933	41	812	444	2121	75	1233	83	1373	327	327	12	12	0	0	14	9.14	10.8293	0.0923
128	4078	486	2934	41	812	445	2122	75	1233	83	1373	328	328	12	12	0	0	14	9.14	10.8537	0.0921
128	4080	487	2935	41	812	446	2123	75	1233	83	1373	329	329	12	12	0	0	14	9.14	10.8780	0.0919
128	4081	488	2946	41	812	447	2134	76	1244	83	1373	329	329	12	12	0	0	14	9.14	10.9024	0.0917
